

|02/01/2020|R|12,50|12,50|12,50|12,50|2|246.499|3.081.237,50|
|03/01/2020|R|12,50|13,45|13,49|12,99|16|581.922|7.612.008,90|
|07/01/2020|R|13,45|16,13|16,13|16,13|10|174.000|2.806.620,00|
|08/01/2020|R|16,13|19,00|19,20|16,00|14|244.794|4.351.598,00|
|09/01/2020|R|19,00|18,95|20,00|18,00|8|857.250|15.856.537,50|
|10/01/2020|R|18,95|18,00|19,95|18,00|20|663.700|12.255.325,85|
|13/01/2020|R|18,00|19,99|19,99|19,25|5|176.940|3.529.364,60|
|14/01/2020|R|19,99|20,00|20,00|19,99|6|248.950|4.976.610,50|
|15/01/2020|R|20,00|19,50|19,99|19,00|7|40.282|794.438,94|
|16/01/2020|R|19,50|19,00|20,00|19,00|11|238.050|4.623.333,15|
|17/01/2020|R|19,00|15,51|19,95|15,30|10|50.422|857.881,40|
|21/01/2020|R|15,51|16,00|16,00|15,30|11|1.962.744|31.402.154,00|
|22/01/2020|R|16,00|16,01|17,00|16,00|8|454.975|7.297.749,50|
|23/01/2020|R|16,01|17,00|17,00|17,00|6|10.293|174.981,00|
|24/01/2020|R|17,00|17,00|17,00|16,10|7|317.425|5.138.725,00|
|27/01/2020|R|17,00|17,00|17,00|17,00|5|29.518|501.806,00|
|28/01/2020|R|17,00|16,90|18,00|16,90|8|57.968|986.997,00|
|29/01/2020|R|16,90|17,00|17,00|16,50|11|71.066|1.202.869,00|
|30/01/2020|R|17,00|18,70|18,70|17,50|5|299.152|5.249.764,00|
|31/01/2020|R|18,70|19,98|19,99|19,98|7|16.316|326.018,84|
|03/02/2020|R|19,98|18,01|19,95|18,00|15|541.406|9.796.223,20|
|04/02/2020|R|18,01|17,50|19,98|17,00|7|70.105|1.229.760,32|
|05/02/2020|R|17,50|18,47|18,50|18,05|16|508.731|9.391.140,60|
|06/02/2020|R|18,47|19,49|19,50|19,49|5|23.450|457.263,80|
|07/02/2020|R|19,49|19,49|19,98|18,00|14|546.336|10.693.803,28|
|10/02/2020|R|19,49|19,49|19,98|19,49|9|264.594|5.164.122,31|
|11/02/2020|R|19,49|19,48|19,99|19,48|10|518.249|10.098.065,09|
|12/02/2020|R|19,48|20,00|20,00|19,00|9|1.265.500|25.077.950,00|
|17/02/2020|R|20,00|22,99|23,00|22,50|6|253.030|5.694.660,00|
|18/02/2020|R|22,99|22,75|23,00|22,75|3|1.680|38.374,75|
|19/02/2020|R|22,75|20,00|23,00|20,00|10|4.380.318|98.415.915,00|
|26/02/2020|R|21,00|23,99|23,99|21,00|8|333.143|7.931.300,57|
|27/02/2020|R|23,99|21,00|23,00|21,00|8|20.019|430.637,00|
|28/02/2020|R|21,00|20,50|22,00|20,50|13|588.094|12.256.521,00|
|02/03/2020|R|20,50|20,00|20,50|20,00|9|178.032|3.619.856,00|
|03/03/2020|R|20,00|20,00|20,00|20,00|17|1.716.000|34.320.000,00|
|04/03/2020|R|20,00|22,99|23,00|22,99|4|4.518|103.878,82|
|05/03/2020|R|22,99|23,00|23,00|23,00|4|21.105|485.415,00|
|06/03/2020|R|23,00|23,96|23,98|23,96|8|39.315|942.457,76|
|09/03/2020|R|23,96|23,90|23,94|23,90|7|49.189|1.177.228,62|
|10/03/2020|R|23,90|22,99|23,88|22,99|5|11.199|262.555,20|
|11/03/2020|R|22,99|23,00|23,94|22,99|3|4.020|93.399,80|
|12/03/2020|R|23,00|23,98|23,98|23,01|8|47.833|1.137.011,36|
|13/03/2020|R|23,98|23,96|23,98|23,95|7|63.498|1.522.654,90|
|16/03/2020|R|23,96|23,98|23,98|23,98|1|8.000|191.840,00|
|17/03/2020|R|23,98|23,96|23,96|23,95|5|12.900|309.005,00|
|18/03/2020|R|23,96|23,00|23,94|23,00|8|314.000|7.507.790,00|
|20/03/2020|R|23,00|23,90|23,94|23,90|3|65.986|1.577.265,40|
|23/03/2020|R|23,90|23,80|23,96|23,80|4|3.524|84.081,20|
|24/03/2020|R|23,80|23,00|23,00|23,00|5|204.002|4.692.046,00|
|25/03/2020|R|23,00|22,00|22,00|22,00|3|265.117|5.832.574,00|
|26/03/2020|R|22,00|21,00|21,49|21,00|9|359.455|7.565.952,45|
|27/03/2020|R|21,00|23,90|23,90|21,00|4|312.066|6.565.428,40|
|30/03/2020|R|23,90|23,90|23,98|23,90|7|141.000|3.369.980,00|
|31/03/2020|R|23,90|23,90|23,91|23,91|2|684|16.354,44|
|01/04/2020|R|23,90|23,90|23,90|23,00|7|54.611|1.302.217,60|
|02/04/2020|R|23,90|23,90|23,90|23,90|3|97.021|2.318.801,90|
|03/04/2020|R|23,90|24,50|24,50|23,00|13|1.016.263|24.381.172,18|
|06/04/2020|R|24,50|24,50|24,50|24,50|8|39.020|955.990,00|
|07/04/2020|R|24,50|22,27|24,50|22,27|14|858.884|20.247.169,52|
|08/04/2020|R|22,27|25,00|25,00|24,00|7|535.703|13.292.575,00|
|13/04/2020|R|25,00|30,00|30,00|25,00|5|100.373|2.539.705,00|
|14/04/2020|R|30,00|36,00|36,00|28,00|23|930.583|29.730.964,00|
|15/04/2020|R|36,00|36,00|36,00|35,95|17|311.675|11.219.748,80|
|16/04/2020|R|36,00|36,00|40,00|36,00|11|423.778|15.374.869,20|
|17/04/2020|R|36,00|33,00|39,99|33,00|17|1.166.368|38.663.487,00|
|20/04/2020|R|33,00|33,00|36,00|33,00|19|150.052|5.174.093,36|
|21/04/2020|R|33,00|34,00|37,94|33,99|18|457.056|15.790.420,44|
|22/04/2020|R|34,00|38,00|38,00|36,00|13|485.105|18.153.699,53|
|23/04/2020|R|38,00|37,00|38,00|37,00|17|557.072|21.035.586,00|
|24/04/2020|R|37,00|37,99|38,00|34,00|11|88.947|3.357.249,65|
|27/04/2020|R|37,99|38,00|38,00|38,00|7|93.133|3.539.054,00|
|28/04/2020|R|38,00|37,50|38,00|36,90|8|26.490|1.001.281,00|
|29/04/2020|R|37,50|37,50|38,00|37,50|11|56.611|2.143.878,00|
|30/04/2020|R|37,50|40,00|40,00|37,00|10|56.392|2.149.232,00|
|04/05/2020|R|40,00|47,90|48,00|38,00|11|611.450|24.460.744,50|
|05/05/2020|R|47,90|45,00|48,00|45,00|17|232.025|11.038.855,78|
|06/05/2020|R|45,00|48,00|48,00|47,00|12|28.743|1.375.820,95|
|07/05/2020|R|48,00|47,99|48,00|47,99|12|64.382|3.090.160,76|
|08/05/2020|R|47,99|48,00|48,00|47,99|16|478.024|22.944.631,64|
|11/05/2020|R|48,00|47,10|56,00|47,10|15|79.417|4.263.197,00|
|12/05/2020|R|47,10|55,95|56,00|47,10|8|104.602|5.496.643,14|
|13/05/2020|R|55,95|50,00|56,00|48,00|13|84.119|4.669.767,89|
|14/05/2020|R|50,00|53,00|53,00|47,01|7|50.659|2.415.327,00|
|15/05/2020|R|53,00|54,00|55,99|53,00|15|78.190|4.300.680,18|
|18/05/2020|R|54,00|55,00|55,00|55,00|10|982.650|51.122.952,00|
|19/05/2020|R|55,00|55,00|55,89|50,01|8|1.860.080|93.126.534,70|
|20/05/2020|R|55,00|50,00|55,00|50,00|15|88.963|4.602.587,00|
|22/05/2020|R|50,00|55,00|55,89|54,98|12|9.567|526.152,80|
|26/05/2020|R|55,00|55,00|56,00|54,00|19|112.230|6.224.927,00|
|27/05/2020|R|55,00|60,00|60,00|55,00|13|1.012.649|58.153.483,00|
|28/05/2020|R|60,00|59,00|59,99|58,00|10|44.126|2.574.818,50|
|29/05/2020|R|59,00|60,00|60,00|59,00|9|278.528|16.681.540,00|
|01/06/2020|R|60,00|64,00|64,00|63,99|8|290.149|18.569.461,50|
|02/06/2020|R|64,00|72,00|72,00|57,00|16|1.783.374|108.569.478,00|
|03/06/2020|R|72,00|72,00|72,00|71,98|13|640.029|46.081.737,71|
|04/06/2020|R|72,00|79,99|80,00|79,99|13|46.396|3.711.320,49|
|05/06/2020|R|79,99|79,99|80,00|78,00|16|137.718|10.899.657,56|
|08/06/2020|R|79,99|79,98|80,00|76,00|11|30.396|2.404.437,60|
|09/06/2020|R|79,98|79,99|79,99|76,00|13|1.437.205|111.830.830,98|
|10/06/2020|R|79,99|79,98|79,99|79,00|11|71.101|5.686.580,00|
|11/06/2020|R|79,98|81,00|81,00|79,90|13|1.709.803|136.801.060,92|
|12/06/2020|R|81,00|80,00|81,00|80,00|14|156.404|12.555.282,00|
|16/06/2020|R|80,00|80,00|82,00|79,99|18|281.301|22.662.399,75|
|17/06/2020|R|80,00|78,00|80,00|78,00|10|13.375|1.050.000,00|
|18/06/2020|R|78,00|75,00|86,75|75,00|11|16.416|1.278.678,75|
|19/06/2020|R|75,00|78,00|80,00|78,00|14|47.667|3.752.906,00|
|22/06/2020|R|78,00|81,00|81,00|80,00|8|37.643|3.046.554,57|
|23/06/2020|R|81,00|80,00|81,00|80,00|12|122.105|9.837.335,00|
|25/06/2020|R|80,00|79,00|80,99|75,00|13|175.202|13.897.082,41|
|26/06/2020|R|79,00|79,00|80,00|79,00|9|99.359|7.943.640,51|
|30/06/2020|R|79,00|86,00|87,00|80,00|4|143.758|12.431.001,00|
|01/07/2020|R|86,00|84,95|86,00|83,00|12|239.980|20.521.477,00|
|02/07/2020|R|84,95|85,00|87,00|84,00|9|14.079|1.187.551,00|
|03/07/2020|R|85,00|82,00|83,99|82,00|7|139.648|11.656.415,55|
|06/07/2020|R|82,00|81,99|82,00|81,00|11|12.568|1.029.466,04|
|07/07/2020|R|81,99|81,00|82,00|81,00|6|142.610|11.551.615,00|
|08/07/2020|R|81,00|76,00|80,00|76,00|9|79.162|6.212.888,00|
|09/07/2020|R|76,00|76,00|76,00|76,00|4|30.000|2.280.000,00|
|10/07/2020|R|76,00|76,00|76,00|76,00|7|103.789|7.887.964,00|
|13/07/2020|R|76,00|75,00|76,00|75,00|6|39.740|3.000.240,00|
|14/07/2020|R|75,00|75,00|76,00|75,00|8|204.029|15.302.620,00|
|15/07/2020|R|75,00|76,00|76,00|76,00|3|46.034|3.498.584,00|
|16/07/2020|R|76,00|80,00|80,00|75,00|10|43.393|3.319.785,00|
|17/07/2020|R|80,00|65,09|78,00|65,09|6|18.708|1.433.404,00|
|22/07/2020|R|65,09|78,00|78,00|76,01|10|812.800|62.298.900,00|
|23/07/2020|R|78,00|82,00|83,20|82,00|5|108.415|9.011.830,00|
|27/07/2020|R|82,00|82,00|83,20|82,00|5|18.057|1.483.734,00|
|28/07/2020|R|82,00|82,50|83,20|82,50|10|93.616|7.766.185,00|
|29/07/2020|R|82,50|82,50|83,20|82,50|12|272.562|22.551.568,50|
|30/07/2020|R|82,50|83,00|83,20|82,50|7|7.260|600.654,50|
|31/07/2020|R|83,00|89,00|89,00|88,50|3|2.300|204.600,00|
|03/08/2020|R|89,00|88,00|90,00|87,00|13|171.559|15.219.917,00|
|04/08/2020|R|88,00|87,00|88,00|87,00|5|140.200|12.207.400,00|
|05/08/2020|R|87,00|88,00|88,00|88,00|4|210.000|18.480.000,00|
|06/08/2020|R|88,00|89,00|89,00|88,90|10|133.923|11.897.875,00|
|07/08/2020|R|89,00|88,25|88,50|88,00|12|114.026|10.043.220,50|
|10/08/2020|R|88,25|88,10|88,50|88,10|8|92.840|8.190.095,20|
|11/08/2020|R|88,10|87,00|88,10|85,00|11|124.720|10.877.140,00|
|12/08/2020|R|87,00|88,00|88,00|80,00|7|30.739|2.683.984,00|
|13/08/2020|R|88,00|88,10|88,10|87,30|5|407.701|35.623.373,30|
|14/08/2020|R|88,10|88,00|88,10|88,00|3|7.253|638.364,00|
|17/08/2020|R|88,00|95,00|95,00|88,00|7|162.705|14.669.310,50|
|18/08/2020|R|95,00|100,00|100,00|97,00|8|41.037|4.086.878,00|
|19/08/2020|R|100,00|100,00|100,00|98,00|9|197.805|19.397.812,00|
|20/08/2020|R|100,00|100,00|100,00|100,00|4|29.307|2.930.700,00|
|21/08/2020|R|100,00|104,00|105,00|104,00|7|12.957|1.359.285,00|
|24/08/2020|R|104,00|107,00|107,00|105,00|5|73.737|7.813.373,00|
|25/08/2020|R|107,00|106,00|108,00|106,00|11|107.450|11.437.480,00|
|26/08/2020|R|106,00|110,00|115,00|107,00|11|235.016|25.857.817,00|
|27/08/2020|R|110,00|100,00|110,00|100,00|7|53.976|5.555.030,00|
|28/08/2020|R|100,00|119,00|120,00|119,00|9|110.937|13.306.168,00|
|31/08/2020|R|119,00|103,00|119,00|103,00|3|136.000|14.504.000,00|
|01/09/2020|R|103,00|103,00|103,00|103,00|2|69.556|7.164.268,00|
|02/09/2020|R|103,00|110,00|116,99|110,00|9|8.059|890.271,59|
|03/09/2020|R|110,00|110,00|110,00|110,00|6|159.315|17.524.725,00|
|04/09/2020|R|110,00|110,00|110,00|104,00|8|44.390|4.882.864,00|
|07/09/2020|R|110,00|110,00|110,00|110,00|2|137.500|15.125.000,00|
|08/09/2020|R|110,00|115,00|115,00|111,00|6|99.915|11.489.825,11|
|09/09/2020|R|115,00|115,00|115,00|115,00|6|102.553|11.793.595,00|
|10/09/2020|R|115,00|115,00|115,00|110,00|4|288.567|31.764.820,00|
|11/09/2020|R|115,00|115,00|115,00|115,00|5|19.337|2.223.755,00|
|15/09/2020|R|115,00|112,00|113,00|112,00|6|276.374|31.203.902,00|
|16/09/2020|R|112,00|112,00|112,00|110,00|7|45.262|5.048.304,00|
|17/09/2020|R|112,00|112,00|112,00|112,00|3|4.738|530.656,00|
|18/09/2020|R|112,00|95,00|110,00|95,00|7|1.295.009|126.531.981,00|
|21/09/2020|R|95,00|113,99|113,99|113,99|4|2.029|231.270,86|
|22/09/2020|R|113,99|116,00|120,00|114,00|12|533.853|61.672.734,10|
|23/09/2020|R|116,00|116,00|116,00|116,00|3|1.063|123.308,00|
|24/09/2020|R|116,00|117,99|117,99|117,46|6|49.403|5.818.446,38|
|25/09/2020|R|117,99|114,99|119,99|114,99|7|146.520|16.861.265,92|
|28/09/2020|R|114,99|104,95|115,00|104,95|7|16.470|1.796.471,61|
|29/09/2020|R|104,95|105,00|124,99|104,95|9|47.840|5.031.409,30|
|30/09/2020|R|105,00|121,00|124,99|115,00|10|1.128.113|134.281.925,70|
|01/10/2020|R|121,00|121,00|121,00|121,00|8|124.951|15.119.071,00|
|02/10/2020|R|121,00|120,00|125,00|120,00|9|600.510|72.910.430,30|
|05/10/2020|R|120,00|120,00|124,99|120,00|2|60.117|7.214.623,83|
|06/10/2020|R|120,00|129,00|129,99|129,00|8|182.370|23.430.898,50|
|07/10/2020|R|129,00|125,00|129,99|125,00|8|64.136|8.132.004,53|
|08/10/2020|R|125,00|125,00|125,00|124,50|14|564.141|70.489.919,00|
|09/10/2020|R|125,00|125,00|125,00|125,00|9|250.000|31.250.000,00|
|13/10/2020|R|125,00|141,00|141,00|129,95|15|441.000|58.090.500,00|
|14/10/2020|R|141,00|150,00|169,19|140,00|19|2.198.924|329.760.044,00|
|15/10/2020|R|150,00|122,00|150,00|122,00|22|880.485|126.050.549,00|
|16/10/2020|R|122,00|120,00|144,99|120,00|12|147.163|17.970.431,38|
|19/10/2020|R|120,00|120,00|125,00|99,00|16|429.417|45.419.590,00|
|20/10/2020|R|120,00|98,00|101,00|98,00|19|2.163.322|212.564.700,00|
|21/10/2020|R|98,00|95,00|98,00|80,00|41|12.444.254|1.015.292.132,00|
|22/10/2020|R|95,00|90,00|95,00|81,61|14|170.783|14.455.852,00|
|23/10/2020|R|90,00|90,00|90,00|81,60|24|1.205.769|104.491.139,83|
|26/10/2020|R|90,00|90,00|90,00|90,00|11|564.723|50.825.070,00|
|27/10/2020|R|90,00|90,00|90,00|89,00|9|240.631|21.575.974,00|
|28/10/2020|R|90,00|99,00|100,00|89,00|19|861.929|79.708.761,27|
|29/10/2020|R|99,00|99,00|118,79|118,79|1|1.000|118.790,00|
