|21/08/2018|R|600,00|850,00|850,00|700,00|37|454|320.647,56|
|22/08/2018|R|850,00|1.100,00|1.100,00|850,00|13|172|150.270,00|
|23/08/2018|R|1.100,00|1.330,00|1.330,00|1.250,00|19|535|686.049,00|
|24/08/2018|R|1.330,00|1.200,00|1.350,00|1.100,00|9|132|156.535,00|
|27/08/2018|R|1.200,00|960,00|960,00|960,00|2|3|2.880,00|
|28/08/2018|R|960,00|1.000,00|1.000,00|900,00|15|348|345.760,00|
|29/08/2018|R|1.000,00|948,00|1.000,00|930,00|13|395|376.262,00|
|30/08/2018|R|948,00|950,00|950,00|900,00|6|555|502.200,00|
|31/08/2018|R|950,00|900,00|940,00|900,00|88|1.694|1.525.710,44|
|03/09/2018|R|900,00|800,00|910,00|800,00|15|130|111.450,00|
|04/09/2018|R|800,00|800,00|800,00|700,00|55|785|590.700,00|
|05/09/2018|R|800,00|799,00|800,03|790,00|63|979|782.890,09|
|06/09/2018|R|799,00|751,00|799,00|750,00|101|1.537|1.153.833,14|
|07/09/2018|R|751,00|920,00|920,00|751,00|24|766|671.048,00|
|11/09/2018|R|920,00|921,01|925,00|907,50|22|1.025|941.880,52|
|12/09/2018|R|921,01|940,00|950,00|925,00|69|1.086|1.016.750,14|
|13/09/2018|R|940,00|1.100,00|1.128,00|940,00|16|334|327.356,10|
|14/09/2018|R|1.100,00|1.100,00|1.100,00|1.100,00|12|320|352.000,00|
|17/09/2018|R|1.100,00|1.100,00|1.175,00|1.100,00|10|157|173.775,00|
|18/09/2018|R|1.100,00|1.000,00|1.100,00|1.000,00|7|47|48.560,00|
|19/09/2018|R|1.000,00|1.000,00|1.000,00|1.000,00|4|9|9.000,00|
|20/09/2018|R|1.000,00|900,00|980,00|900,00|60|2.882|2.607.120,00|
|21/09/2018|R|900,00|900,01|999,00|900,00|78|926|833.723,16|
|24/09/2018|R|900,01|900,00|900,01|900,00|28|1.816|1.634.400,20|
|25/09/2018|R|900,00|980,00|980,00|901,00|18|1.831|1.711.069,00|
|26/09/2018|R|980,00|960,00|980,00|950,00|16|871|836.830,50|
|27/09/2018|R|960,00|950,00|960,00|915,00|9|113|106.187,00|
|28/09/2018|R|950,00|1.000,00|1.000,00|960,00|9|929|921.940,00|
|01/10/2018|R|1.000,00|1.150,00|1.205,02|999,99|20|1.298|1.470.350,50|
|02/10/2018|R|1.150,00|1.150,00|1.160,00|1.130,00|17|480|552.001,00|
|03/10/2018|R|1.150,00|1.150,00|1.150,00|1.120,00|10|316|362.770,00|
|04/10/2018|R|1.150,00|1.150,01|1.150,01|1.150,00|14|6.300|7.245.000,25|
|05/10/2018|R|1.150,01|1.200,00|1.200,00|1.150,00|11|445|526.982,40|
|08/10/2018|R|1.200,00|1.190,00|1.200,00|1.190,00|9|243|291.440,00|
|09/10/2018|R|1.190,00|1.100,00|1.100,00|1.100,00|35|354|389.400,00|
|10/10/2018|R|1.100,00|1.100,00|1.200,00|1.100,00|28|445|503.000,00|
|11/10/2018|R|1.100,00|1.150,00|1.180,00|1.100,00|13|376|434.100,00|
|15/10/2018|R|1.150,00|1.350,00|1.350,00|1.200,00|22|408|529.222,00|
|16/10/2018|R|1.350,00|1.300,00|1.350,00|1.300,00|16|241|322.450,00|
|17/10/2018|R|1.300,00|1.250,00|1.300,00|1.220,00|15|143|178.960,00|
|18/10/2018|R|1.250,00|1.250,00|1.250,00|1.200,00|15|308|380.267,86|
|19/10/2018|R|1.250,00|1.170,00|1.250,00|1.163,48|19|656|789.653,48|
|22/10/2018|R|1.170,00|1.075,00|1.170,00|1.075,00|6|227|253.525,00|
|23/10/2018|R|1.075,00|1.111,00|1.150,00|1.100,00|96|1.554|1.735.943,73|
|24/10/2018|R|1.111,00|1.201,00|1.201,00|1.150,00|60|1.830|2.142.155,00|
|25/10/2018|R|1.201,00|1.300,00|1.345,00|1.205,00|68|801|1.009.381,71|
|26/10/2018|R|1.300,00|1.400,00|1.450,00|1.300,01|25|1.917|2.661.686,93|
|29/10/2018|R|1.400,00|1.400,00|1.450,00|1.400,00|14|1.443|2.022.585,00|
|30/10/2018|R|1.400,00|1.500,00|1.500,00|1.500,00|1|5|7.500,00|
|31/10/2018|R|1.500,00|1.600,00|1.600,00|1.425,00|13|171|252.020,00|
|01/11/2018|R|1.600,00|1.550,00|1.600,00|1.550,00|4|242|375.450,00|
|02/11/2018|R|1.550,00|1.700,00|1.700,00|1.599,00|11|258|418.335,00|
|06/11/2018|R|1.700,00|1.700,00|1.710,00|1.700,00|69|1.467|2.494.127,56|
|07/11/2018|R|1.700,00|1.800,00|1.800,00|1.700,00|60|1.471|2.599.363,29|
|08/11/2018|R|1.800,00|1.800,00|1.831,00|1.800,00|42|2.275|4.096.165,00|
|09/11/2018|R|1.800,00|1.850,00|1.890,00|1.800,00|14|597|1.090.860,00|
|12/11/2018|R|1.850,00|1.850,00|1.850,00|1.825,00|47|750|1.384.615,00|
|13/11/2018|R|1.850,00|1.899,00|1.900,00|1.850,00|32|581|1.088.493,53|
|14/11/2018|R|1.899,00|1.890,00|1.900,00|1.890,00|10|351|665.400,00|
|15/11/2018|R|1.890,00|1.850,00|1.900,00|1.850,00|19|862|1.627.950,00|
|16/11/2018|R|1.850,00|1.870,00|1.870,00|1.850,00|12|7.350|13.598.650,00|
|19/11/2018|R|1.870,00|1.850,00|1.850,00|1.850,00|12|727|1.343.250,00|
|20/11/2018|R|1.850,00|1.750,00|1.850,00|1.700,00|6|1.103|2.032.750,00|
|21/11/2018|R|1.750,00|1.750,00|1.750,00|1.750,00|2|3|5.250,00|
|22/11/2018|R|1.750,00|1.700,00|1.700,00|1.600,00|25|21.663|35.747.790,00|
|23/11/2018|R|1.700,00|1.750,00|1.750,00|1.550,00|15|1.235|2.122.250,00|
|26/11/2018|R|1.750,00|1.800,00|1.950,00|1.725,00|47|1.106|1.975.530,51|
|27/11/2018|R|1.800,00|2.120,00|2.120,00|1.800,00|96|1.363|2.819.203,45|
|28/11/2018|R|2.120,00|2.201,00|2.201,00|2.150,00|53|1.859|4.014.800,19|
|29/11/2018|R|2.201,00|2.349,00|2.400,00|2.200,01|9|339|777.946,22|
|30/11/2018|R|2.349,00|2.450,00|2.450,00|2.350,00|20|922|2.215.050,00|
|03/12/2018|R|2.450,00|2.650,00|2.650,00|2.450,00|19|631|1.624.510,21|
|04/12/2018|R|2.650,00|2.600,00|3.100,00|2.600,00|14|750|1.982.850,00|
|05/12/2018|R|2.600,00|2.650,00|2.650,00|2.500,00|23|1.314|3.426.060,00|
|06/12/2018|R|2.650,00|2.650,00|2.800,00|2.650,00|84|1.507|3.997.700,00|
|07/12/2018|R|2.650,00|2.500,00|2.500,00|2.210,00|7|315|810.230,00|
|10/12/2018|R|2.500,00|2.500,00|2.600,00|2.500,00|26|849|2.126.500,00|
|11/12/2018|R|2.500,00|2.500,00|2.500,00|2.400,00|17|1.502|3.619.815,00|
|12/12/2018|R|2.500,00|2.450,00|2.500,00|2.400,00|21|1.093|2.682.600,00|
|13/12/2018|R|2.450,00|2.400,00|2.600,00|2.400,00|11|940|2.259.800,00|
|14/12/2018|R|2.400,00|2.400,00|2.450,00|2.400,00|15|838|2.033.200,00|
|17/12/2018|R|2.400,00|2.599,99|2.600,00|2.400,00|7|77|199.199,80|
|18/12/2018|R|2.599,99|2.640,00|2.650,00|2.500,00|87|2.011|5.210.730,00|
|19/12/2018|R|2.640,00|2.650,00|2.650,00|2.600,00|13|19.593|50.002.530,00|
|20/12/2018|R|2.650,00|2.640,00|2.650,00|2.640,00|4|126|332.740,00|
|21/12/2018|R|2.640,00|5.500,00|5.500,00|2.600,00|22|1.216|3.479.982,00|
|26/12/2018|R|5.500,00|5.399,98|6.000,00|5.000,00|25|670|3.495.325,71|
|27/12/2018|R|5.399,98|5.500,00|5.500,00|5.400,00|11|152|816.700,00|
|28/12/2018|R|5.500,00|5.750,00|5.750,00|5.400,00|14|225|1.243.255,00|
|02/01/2019|R|5.750,00|5.750,00|5.750,00|5.750,00|3|692|3.979.000,00|
|03/01/2019|R|5.750,00|5.750,00|6.000,00|5.750,00|35|654|3.779.050,61|
|04/01/2019|R|5.750,00|6.000,00|6.000,00|5.750,00|26|639|3.830.849,98|
|07/01/2019|R|6.000,00|7.000,00|7.200,00|6.000,00|87|1.489|9.936.400,10|
|08/01/2019|R|7.000,00|7.300,00|8.000,00|7.300,00|70|1.370|9.996.861,02|
|09/01/2019|R|7.300,00|7.500,00|7.500,00|7.200,00|15|685|5.100.999,63|
|10/01/2019|R|7.500,00|11.000,00|11.000,00|7.600,00|35|1.412|12.782.637,00|
|11/01/2019|R|11.000,00|13.500,00|13.500,00|12.900,00|6|32|418.500,00|
|14/01/2019|R|13.500,00|19.440,00|19.440,00|13.500,00|38|622|10.796.099,64|
|15/01/2019|R|19.440,00|19.400,00|19.600,00|19.400,00|20|606|11.780.760,20|
|16/01/2019|R|19.400,00|17.500,00|19.220,00|17.500,00|22|1.457|25.617.022,05|
|17/01/2019|R|17.500,00|17.500,00|17.500,00|17.000,00|7|158|2.746.000,00|
|18/01/2019|R|17.500,00|17.500,00|17.500,00|17.500,00|14|885|15.487.500,00|
|21/01/2019|R|17.500,00|17.000,00|17.500,00|17.000,00|15|169|2.887.500,00|
|22/01/2019|R|17.000,00|16.500,00|17.000,00|16.500,00|10|331|5.605.750,00|
|23/01/2019|R|16.500,00|16.500,00|16.500,00|16.500,00|1|1|16.500,00|
|24/01/2019|R|16.500,00|16.850,00|17.000,00|16.850,00|11|58|985.700,00|
|25/01/2019|R|16.850,00|17.250,00|17.500,00|17.200,00|14|331|5.719.300,00|
|28/01/2019|R|17.250,00|17.000,00|17.250,00|17.000,00|31|546|9.357.750,00|
|29/01/2019|R|17.000,00|16.900,00|17.000,00|16.800,00|21|842|14.305.267,66|
|30/01/2019|R|16.900,00|14.900,00|16.000,00|14.900,00|13|282|4.439.510,00|
|31/01/2019|R|14.900,00|14.500,00|15.000,00|14.500,00|7|125|1.835.400,00|
|01/02/2019|R|14.500,00|13.000,00|14.500,00|13.000,00|8|152|2.052.500,00|
|04/02/2019|R|13.000,00|12.000,01|12.500,00|11.800,00|35|1.441|17.302.305,67|
|05/02/2019|R|12.000,01|13.700,00|14.000,00|13.000,00|44|1.484|19.746.700,10|
|06/02/2019|R|13.700,00|14.000,00|15.000,00|14.000,00|27|942|13.189.000,18|
|07/02/2019|R|14.000,00|14.999,99|15.000,00|14.000,00|33|911|12.998.499,99|
|08/02/2019|R|14.999,99|15.000,00|15.700,00|15.000,00|7|388|5.826.300,00|
|11/02/2019|R|15.000,00|13.200,00|15.000,00|13.200,00|14|245|3.583.017,00|
|12/02/2019|R|13.200,00|13.500,00|14.000,00|13.500,00|19|1.959|26.998.800,68|
|13/02/2019|R|13.500,00|13.100,00|15.000,00|13.100,00|17|366|4.950.498,99|
|14/02/2019|R|13.100,00|13.500,00|13.500,00|13.500,00|12|735|9.922.500,00|
|15/02/2019|R|13.500,00|15.000,00|15.000,00|13.800,00|15|370|5.221.800,00|
|18/02/2019|R|15.000,00|15.001,00|15.100,00|15.000,00|42|1.345|20.175.105,00|
|19/02/2019|R|15.001,00|15.990,00|16.500,00|15.000,00|15|321|5.034.400,00|
|20/02/2019|R|15.990,00|15.500,00|15.990,00|15.000,00|18|671|10.200.300,00|
|21/02/2019|R|15.500,00|16.500,00|16.500,00|15.000,00|24|507|7.686.201,22|
|22/02/2019|R|16.500,00|18.750,00|18.750,00|15.000,00|22|987|17.001.550,00|
|25/02/2019|R|18.750,00|21.000,00|21.000,00|19.000,00|37|2.838|55.268.485,00|
|26/02/2019|R|21.000,00|25.000,00|25.000,00|21.000,00|7|154|3.364.000,00|
|27/02/2019|R|25.000,00|28.800,00|36.000,00|25.000,00|7|22|658.800,00|
|06/03/2019|R|28.800,00|25.000,02|28.010,00|25.000,00|50|984|25.003.705,81|
|07/03/2019|R|25.000,02|25.000,00|26.000,00|25.000,00|34|517|12.943.130,91|
|14/03/2019|R|25.000,00|21.000,00|22.000,00|20.000,00|22|2.032|42.760.010,00|
|15/03/2019|R|21.000,00|22.000,00|25.199,99|21.000,00|17|1.211|26.165.499,70|
|18/03/2019|R|22.000,00|23.000,00|23.000,00|22.000,00|36|2.014|45.044.500,76|
|20/03/2019|R|23.000,00|26.000,00|26.000,00|23.000,00|40|2.146|51.348.000,00|
|21/03/2019|R|26.000,00|26.500,00|26.500,00|26.000,00|6|64|1.681.000,00|
|22/03/2019|R|26.500,00|25.500,00|26.400,00|25.500,00|3|5|128.400,00|
|25/03/2019|R|25.500,00|22.000,00|25.999,00|22.000,00|17|288|7.105.900,00|
|29/03/2019|R|22.000,00|21.250,00|22.000,00|21.000,00|19|608|12.891.022,60|
|01/04/2019|R|21.250,00|21.000,00|21.200,00|21.000,00|13|623|13.194.900,00|
|02/04/2019|R|21.000,00|22.000,00|22.500,00|21.000,00|37|2.621|57.359.900,11|
|03/04/2019|R|22.000,00|22.000,00|22.100,00|22.000,00|26|941|20.702.505,00|
|04/04/2019|R|22.000,00|22.000,00|24.000,00|22.000,00|15|623|13.716.001,25|
|05/04/2019|R|22.000,00|23.000,00|23.000,00|23.000,00|9|203|4.669.000,00|
|08/04/2019|R|23.000,00|23.500,00|24.000,00|23.000,00|38|3.998|93.517.500,00|
|09/04/2019|R|23.500,00|22.500,00|22.500,00|22.500,00|4|54|1.238.000,00|
|10/04/2019|R|22.500,00|22.000,00|22.500,00|21.500,00|21|1.239|27.040.500,22|
|11/04/2019|R|22.000,00|25.000,00|25.000,00|22.500,00|19|4.117|98.286.000,00|
|12/04/2019|R|25.000,00|29.000,00|29.000,00|25.000,00|6|3.012|82.346.000,00|
|22/04/2019|R|29.000,00|32.500,00|32.500,01|29.300,00|28|1.624|50.859.600,20|
|23/04/2019|R|32.500,00|42.000,00|42.000,00|33.000,00|24|3.303|121.870.525,00|
|24/04/2019|R|42.000,00|42.000,00|45.000,00|42.000,00|23|2.871|122.857.000,02|
|25/04/2019|R|42.000,00|42.000,01|42.000,01|39.500,00|11|500|20.187.500,70|
|26/04/2019|R|42.000,01|46.000,00|46.000,00|42.000,00|16|970|41.584.000,06|
|29/04/2019|R|46.000,00|48.000,00|48.000,01|46.000,00|9|193|9.114.000,04|
|02/05/2019|R|48.000,00|45.000,00|48.000,00|45.000,00|20|329|15.131.000,00|
|03/05/2019|R|45.000,00|45.000,00|45.000,00|45.000,00|9|98|4.410.000,00|
|08/05/2019|R|38.000,00|41.000,00|41.000,00|38.000,00|56|2.284|90.360.016,00|
|09/05/2019|R|41.000,00|42.000,00|42.000,00|40.001,00|13|609|24.832.007,00|
|10/05/2019|R|42.000,00|45.000,00|45.000,00|42.000,00|18|2.098|89.821.344,00|
|13/05/2019|R|45.000,00|43.000,02|45.000,00|43.000,00|16|359|15.449.004,30|
|14/05/2019|R|43.000,02|43.000,00|43.000,00|42.005,00|31|638|27.356.125,00|
|15/05/2019|R|43.000,00|43.000,00|43.001,00|43.000,00|9|250|10.750.004,00|
|16/05/2019|R|43.000,00|45.000,00|45.000,00|43.000,00|10|350|15.052.000,00|
|17/05/2019|R|45.000,00|45.000,00|45.000,00|45.000,00|11|186|8.370.000,00|
|27/05/2019|R|45.000,00|45.000,00|45.000,01|45.000,00|23|2.513|113.060.001,54|
|28/05/2019|R|45.000,00|45.000,00|46.000,00|45.000,00|17|1.982|89.252.355,00|
|29/05/2019|R|45.000,00|45.000,00|45.000,00|45.000,00|21|1.130|50.850.000,00|
|30/05/2019|R|45.000,00|46.000,00|47.000,00|45.000,00|12|294|13.234.000,00|
|31/05/2019|R|46.000,00|46.000,00|46.000,00|46.000,00|4|94|4.324.000,00|
|04/06/2019|R|46.000,00|44.500,00|45.000,00|44.500,00|8|1.647|74.000.000,00|
|05/06/2019|R|44.500,00|41.000,00|44.000,00|41.000,00|14|1.262|52.157.500,00|
|06/06/2019|R|41.000,00|41.000,00|41.000,00|40.000,00|22|755|30.270.000,00|
|07/06/2019|R|41.000,00|40.002,00|41.500,00|40.002,00|13|1.081|44.567.008,00|
|10/06/2019|R|40.002,00|39.003,00|39.100,00|39.000,00|18|1.976|77.095.730,00|
|11/06/2019|R|39.003,00|39.000,00|39.000,00|39.000,00|12|229|8.931.000,00|
|12/06/2019|R|39.000,00|40.000,00|40.000,00|39.000,00|39|1.616|63.031.000,80|
|13/06/2019|R|40.000,00|42.000,00|42.000,00|39.050,00|59|1.393|54.468.200,14|
|14/06/2019|R|42.000,00|44.000,00|44.000,00|42.000,00|28|10.761|447.330.050,00|
|18/06/2019|R|44.000,00|43.005,00|44.000,00|42.500,00|56|1.631|70.286.035,07|
|19/06/2019|R|43.005,00|43.499,98|43.800,00|43.000,00|17|1.163|50.257.279,90|
|20/06/2019|R|43.499,98|43.500,00|43.500,00|43.200,00|45|1.143|49.600.500,00|
|21/06/2019|R|43.500,00|44.250,00|44.250,00|43.800,00|30|1.195|52.503.002,62|
|25/06/2019|R|44.250,00|46.010,00|46.010,00|45.000,00|46|3.617|162.423.106,00|
|26/06/2019|R|46.010,00|48.000,00|48.000,00|46.020,00|14|915|42.659.640,00|
|27/06/2019|R|48.000,00|51.500,00|51.500,00|48.000,00|16|542|27.056.000,00|
|28/06/2019|R|51.500,00|56.000,00|56.000,00|52.500,00|22|1.250|68.400.500,00|
|01/07/2019|R|56.000,00|56.000,00|56.000,00|56.000,00|8|112|6.272.000,00|
|02/07/2019|R|56.000,00|55.000,00|55.000,00|55.000,00|17|547|30.091.000,00|
|03/07/2019|R|55.000,00|58.000,00|58.000,00|55.000,00|20|1.091|61.344.000,00|
|04/07/2019|R|58.000,00|58.000,00|58.001,00|57.000,00|22|297|17.148.895,00|
|08/07/2019|R|58.000,00|58.500,00|60.000,00|58.500,00|9|87|5.085.000,00|
|09/07/2019|R|58.500,00|60.000,00|62.000,00|58.500,00|20|2.722|162.829.512,10|
|10/07/2019|R|60.000,00|60.000,00|60.000,01|60.000,00|26|262|15.720.001,60|
|11/07/2019|R|60.000,00|60.000,00|60.000,00|60.000,00|12|427|25.637.500,00|
|12/07/2019|R|60.000,00|60.000,00|60.500,00|60.000,00|22|1.400|84.250.000,00|
|15/07/2019|R|60.000,00|61.000,00|61.500,00|60.000,00|35|1.523|92.548.004,50|
|16/07/2019|R|61.000,00|65.500,00|65.500,00|61.500,00|27|778|48.826.839,70|
|17/07/2019|R|65.500,00|72.500,00|73.000,00|72.000,00|54|1.053|73.522.592,00|
|18/07/2019|R|72.500,00|72.000,00|73.000,00|72.000,00|13|122.718|8.835.876.000,00|
|19/07/2019|R|72.000,00|72.000,00|72.000,00|72.000,00|11|820|59.040.000,00|
|22/07/2019|R|72.000,00|74.000,00|75.000,00|72.000,00|21|1.500|112.202.000,00|
|25/07/2019|R|74.000,00|73.000,00|75.000,00|73.000,00|22|770|57.098.500,00|
|26/07/2019|R|73.000,00|74.500,00|75.000,00|74.000,00|19|1.651|122.454.500,00|
|29/07/2019|R|74.500,00|74.000,00|75.000,00|73.000,00|16|1.241|91.829.000,00|
|30/07/2019|R|74.000,00|75.000,00|75.000,00|74.000,00|20|702|52.233.000,00|
|31/07/2019|R|75.000,00|75.000,00|75.000,00|74.000,00|42|629|47.041.000,00|
|01/08/2019|R|75.000,00|78.000,00|78.000,00|75.000,00|22|4.341|337.326.875,00|
|02/08/2019|R|78.000,00|85.600,00|89.000,00|80.000,00|18|723|61.179.200,00|
|05/08/2019|R|85.600,00|90.000,99|90.000,99|86.001,00|15|129|11.535.035,04|
|06/08/2019|R|90.000,99|104.000,00|104.000,00|94.000,00|23|813|79.364.954,60|
|07/08/2019|R|104.000,00|100.000,00|110.000,00|100.000,00|42|1.515|161.242.035,10|
|08/08/2019|R|100.000,00|100.000,00|100.000,00|100.000,00|36|877|87.700.000,00|
|09/08/2019|R|100.000,00|110.100,00|110.100,00|104.000,00|32|1.121|121.209.200,12|
|12/08/2019|R|110.100,00|110.000,00|110.100,00|110.000,00|32|529|56.682.400,00|
|13/08/2019|R|110.000,00|110.000,00|110.000,00|110.000,00|37|564|61.354.045,00|
|14/08/2019|R|110.000,00|122.000,00|125.000,00|110.000,05|29|3.004|338.431.252,20|
|15/08/2019|R|122.000,00|118.500,00|120.000,00|115.000,00|4|84|9.913.500,00|
|16/08/2019|R|118.500,00|120.000,00|125.000,00|118.000,00|13|492|58.434.000,00|
|20/08/2019|R|120.000,00|122.000,00|125.000,00|120.000,00|23|2.775|332.693.020,00|
|21/08/2019|R|122.000,00|125.000,00|125.000,00|120.000,00|24|2.624|326.350.000,00|
|22/08/2019|R|125.000,00|125.000,00|128.000,00|125.000,00|10|96|12.061.000,00|
|23/08/2019|R|125.000,00|123.000,00|126.000,00|123.000,00|26|929|115.336.042,00|
|26/08/2019|R|123.000,00|125.000,00|125.000,00|124.100,00|13|202|25.159.200,00|
|27/08/2019|R|125.000,00|149.500,00|160.000,00|125.000,00|54|3.749|476.457.000,00|
|28/08/2019|R|149.500,00|150.000,00|150.000,00|149.500,00|24|430|64.351.500,00|
|29/08/2019|R|150.000,00|156.000,00|162.000,00|150.000,00|36|823|125.998.500,00|
|30/08/2019|R|156.000,00|151.000,00|151.000,00|150.000,00|42|1.239|186.024.000,00|
|02/09/2019|R|151.000,00|145.000,00|155.000,00|145.000,00|75|1.041|152.741.650,00|
|03/09/2019|R|145.000,00|138.000,00|145.000,00|135.000,00|66|3.034|411.521.060,00|
|04/09/2019|R|138.000,00|138.000,00|140.000,00|138.000,00|73|1.121|154.758.000,00|
|05/09/2019|R|48.107,10|82.000,00|102.500,00|69.274,22|13|427|39.684.603,22|
|06/09/2019|R|82.000,00|81.999,00|82.000,01|81.900,00|16|388|31.809.200,01|
|09/09/2019|R|81.999,00|79.000,00|82.000,00|75.000,00|15|580|44.828.000,00|
|10/09/2019|R|79.000,00|82.000,01|82.000,01|80.000,00|72|29.005.876|2.320.890.402.101,60|
|11/09/2019|R|82.000,01|81.500,00|82.000,00|81.500,00|16|45.604|3.648.387.500,00|
|12/09/2019|R|81.500,00|82.000,00|82.000,00|82.000,00|9|74|6.068.000,00|
|17/09/2019|R|82.000,00|82.000,00|82.000,00|81.000,00|12|180|14.701.000,00|
|18/09/2019|R|82.000,00|70.000,00|79.000,00|70.000,00|11|851|59.656.000,00|
|19/09/2019|R|70.000,00|70.000,00|70.000,00|65.000,00|10|2.667|180.690.000,00|
|20/09/2019|R|70.000,00|70.000,00|70.000,00|70.000,00|1|129|9.030.000,00|
|23/09/2019|R|70.000,00|70.000,00|70.000,00|70.000,00|12|361|25.270.000,00|
|24/09/2019|R|70.000,00|70.000,00|70.000,00|70.000,00|7|2.366|165.620.000,00|
|25/09/2019|R|70.000,00|70.000,00|70.000,00|70.000,00|12|460|32.200.000,00|
|26/09/2019|R|70.000,00|70.000,00|70.000,00|70.000,00|4|165|11.550.000,00|
|27/09/2019|R|70.000,00|72.500,00|75.200,00|70.000,00|9|242|17.025.400,00|
|30/09/2019|R|72.500,00|72.000,00|72.000,00|70.000,00|37|958|67.919.000,00|
|01/10/2019|R|72.000,00|70.000,00|70.000,00|70.000,00|74|1.709|119.630.000,00|
|02/10/2019|R|70.000,00|70.000,00|71.000,00|70.000,00|10|764|53.483.000,00|
|03/10/2019|R|70.000,00|70.000,00|70.000,00|70.000,00|3|74|5.180.000,00|
|04/10/2019|R|70.000,00|72.000,00|72.000,00|71.000,00|6|806|57.947.030,00|
|07/10/2019|R|72.000,00|74.900,00|74.900,00|73.000,00|14|4.146|302.935.600,00|
|08/10/2019|R|74.900,00|75.016,01|75.100,00|74.900,00|22|1.121|84.079.731,50|
|09/10/2019|R|75.016,01|80.000,00|80.000,00|75.200,00|19|979|74.485.600,00|
|10/10/2019|R|80.000,00|79.000,00|79.500,00|79.000,00|11|3.350|265.911.000,00|
|11/10/2019|R|79.000,00|79.000,00|79.000,00|79.000,00|4|460|36.340.000,00|
|14/10/2019|R|79.000,00|79.000,00|79.000,00|78.500,00|10|242|19.002.000,00|
|15/10/2019|R|79.000,00|78.500,00|79.100,00|78.500,00|8|384|30.168.000,00|
|16/10/2019|R|78.500,00|77.500,00|78.500,00|77.500,00|24|1.043|80.837.350,00|
|17/10/2019|R|77.500,00|77.500,00|77.500,00|77.500,00|116|2.504|194.060.000,00|
|18/10/2019|R|77.500,00|76.500,00|77.500,00|76.500,00|13|892|68.292.511,00|
|21/10/2019|R|76.500,00|75.000,00|75.000,00|75.000,00|8|510|38.000.000,00|
|22/10/2019|R|75.000,00|71.000,00|71.000,00|71.000,00|16|5.190|368.490.000,00|
|23/10/2019|R|71.000,00|71.000,00|71.500,00|71.000,00|27|340|24.188.500,00|
|24/10/2019|R|71.000,00|72.000,00|72.000,00|71.000,05|15|1.819|130.952.000,80|
|25/10/2019|R|72.000,00|71.105,00|74.000,00|71.105,00|10|279|20.496.410,00|
|28/10/2019|R|71.105,00|72.000,00|75.000,00|71.000,00|41|1.162|83.395.000,00|
|29/10/2019|R|72.000,00|74.900,00|74.900,00|72.000,00|37|872|63.005.260,00|
|30/10/2019|R|74.900,00|79.000,00|79.000,00|75.000,00|6|616|46.232.000,02|
|31/10/2019|R|79.000,00|74.000,00|75.500,00|72.000,00|8|447|33.613.250,00|
|01/11/2019|R|74.000,00|72.999,99|74.000,00|72.999,99|4|8|585.999,94|
|05/11/2019|R|72.999,99|72.000,00|72.002,00|72.000,00|13|1.498|107.856.084,00|
|06/11/2019|R|72.000,00|73.500,00|73.500,00|73.000,00|5|127|9.324.500,00|
|07/11/2019|R|73.500,00|77.100,00|77.200,00|73.500,00|50|3.850|291.853.100,00|
|08/11/2019|R|77.100,00|79.000,00|79.000,00|78.000,00|12|1.074|83.805.000,00|
|11/11/2019|R|79.000,00|86.600,00|88.000,00|82.000,00|19|828|71.901.000,00|
|12/11/2019|R|86.600,00|89.000,00|90.000,00|89.000,00|11|932|83.260.000,00|
|13/11/2019|R|89.000,00|91.000,00|93.000,00|90.000,00|15|1.387|125.047.000,00|
|14/11/2019|R|91.000,00|90.500,00|91.000,50|90.500,00|16|607|54.994.800,51|
|15/11/2019|R|90.500,00|90.000,00|90.500,00|89.850,00|3|46|4.140.250,00|
|18/11/2019|R|90.000,00|92.000,00|93.000,00|91.000,00|40|465|42.611.000,00|
|19/11/2019|R|92.000,00|95.000,00|95.000,00|95.000,00|9|1.840|170.300.000,00|
|20/11/2019|R|95.000,00|95.000,00|95.100,00|95.000,00|20|2.198|208.830.100,00|
|21/11/2019|R|95.000,00|95.000,00|95.000,00|95.000,00|8|71|6.745.000,00|
|22/11/2019|R|95.000,00|95.000,00|95.000,00|93.000,00|7|3.222|302.438.000,00|
|25/11/2019|R|95.000,00|95.500,00|96.000,00|95.000,00|19|942|89.759.000,00|
|26/11/2019|R|95.500,00|93.001,00|96.000,00|93.001,00|7|4.512|432.252.300,00|
|27/11/2019|R|93.001,00|105.000,00|105.000,00|97.000,00|87|2.085|205.573.100,00|
|28/11/2019|R|105.000,00|105.000,00|105.000,00|105.000,00|60|1.360|141.660.000,00|
|29/11/2019|R|105.000,00|120.000,00|120.000,00|120.000,00|7|1.160|123.300.000,00|
|02/12/2019|R|120.000,00|118.000,00|118.000,00|117.500,00|7|140|16.500.000,00|
|03/12/2019|R|118.000,00|118.000,00|118.000,00|117.500,00|11|315|37.086.500,00|
|04/12/2019|R|118.000,00|118.000,00|118.000,00|118.000,00|6|70|8.260.000,00|
|05/12/2019|R|118.000,00|115.000,00|117.998,00|115.000,00|10|3.353|393.094.000,00|
|06/12/2019|R|115.000,00|116.000,00|116.000,00|116.000,00|2|17|1.972.000,00|
|09/12/2019|R|116.000,00|116.000,00|116.800,00|116.000,00|9|316|36.657.600,00|
|10/12/2019|R|116.000,00|114.000,00|114.000,00|114.000,00|1|15|1.710.000,00|
|11/12/2019|R|114.000,00|100.000,00|108.000,00|100.000,00|9|112|11.208.000,00|
|12/12/2019|R|100.000,00|99.999,99|100.000,00|99.999,98|13|1.927|192.699.999,74|
|13/12/2019|R|99.999,99|99.999,95|100.000,00|98.999,95|12|1.615|160.855.982,20|
|16/12/2019|R|99.999,95|99.999,93|99.999,93|99.999,93|1|11|1.099.999,23|
|17/12/2019|R|99.999,93|99.999,00|99.999,00|99.999,00|4|763|75.904.387,00|
|18/12/2019|R|99.999,00|102.581,00|102.583,00|99.900,00|189|2.579|261.894.418,00|
|19/12/2019|R|102.581,00|123.000,00|123.000,00|106.000,00|6|205|24.111.000,00|
|20/12/2019|R|123.000,00|137.000,00|147.599,00|135.500,00|11|267|36.345.891,00|
|23/12/2019|R|137.000,00|137.000,00|139.000,00|130.000,00|15|18.766|2.569.560.000,00|
|26/12/2019|R|137.000,00|136.000,00|136.000,00|136.000,00|2|4|544.000,00|
|27/12/2019|R|136.000,00|136.999,00|137.000,00|136.999,00|6|31|4.246.992,00|
|30/12/2019|R|136.999,00|150.000,00|150.000,00|150.000,00|2|33|4.950.000,00|
|02/01/2020|R|150.000,00|165.000,00|165.000,00|165.000,00|5|1.890|297.693.000,00|
|03/01/2020|R|165.000,00|165.000,00|165.000,00|165.000,00|4|207|34.155.000,00|
|07/01/2020|R|165.000,00|166.000,00|166.000,00|165.000,00|14|270|44.713.000,00|
|08/01/2020|R|166.000,00|171.000,00|180.000,00|165.000,00|49|483|82.417.135,00|
|09/01/2020|R|171.000,00|175.000,00|175.000,01|175.000,00|14|525|91.875.001,00|
|10/01/2020|R|175.000,00|190.000,00|190.000,00|190.000,00|1|10|1.900.000,00|
|13/01/2020|R|190.000,00|205.000,00|205.000,00|200.000,00|45|521|104.775.001,02|
|14/01/2020|R|205.000,00|200.000,00|205.000,00|200.000,00|23|1.083|216.528.000,15|
|15/01/2020|R|200.000,00|205.000,00|205.000,00|200.000,00|12|109|21.883.000,00|
|16/01/2020|R|205.000,00|205.000,00|220.000,00|205.000,00|11|92|18.929.000,50|
|17/01/2020|R|205.000,00|205.000,00|235.000,00|205.000,00|9|49|10.125.000,00|
|21/01/2020|R|205.000,00|204.000,00|204.000,00|204.000,00|1|1|204.000,00|
|22/01/2020|R|204.000,00|199.994,00|200.000,00|199.994,00|11|1.154|230.796.452,00|
|24/01/2020|R|199.994,00|195.000,00|195.000,00|195.000,00|7|208|40.560.000,00|
|27/01/2020|R|195.000,00|195.000,00|0,00|0,00|3|167|31.730.000,00|
|28/01/2020|R|195.000,00|162.000,00|194.000,00|162.000,00|3|13|2.202.000,00|
|29/01/2020|R|162.000,00|172.000,00|172.500,00|155.000,01|136|1.868|317.573.502,47|
|30/01/2020|R|172.000,00|200.000,00|200.000,00|172.000,00|8|283|54.600.000,00|
|31/01/2020|R|200.000,00|210.000,00|210.000,00|200.000,00|7|58|11.610.000,00|
|03/02/2020|R|210.000,00|210.000,00|210.000,00|210.000,00|3|6|1.260.000,00|
|04/02/2020|R|210.000,00|200.500,00|207.500,00|200.000,00|15|1.278|260.897.500,00|
|05/02/2020|R|200.500,00|203.000,00|203.000,00|203.000,00|20|269|54.607.000,00|
|06/02/2020|R|203.000,00|205.000,00|210.000,00|203.000,00|4|243|49.465.000,00|
|07/02/2020|R|205.000,00|207.000,01|208.000,00|205.000,00|8|70|14.471.000,09|
|10/02/2020|R|207.000,01|207.000,00|207.000,00|207.000,00|23|304|62.914.000,00|
|11/02/2020|R|207.000,00|207.000,00|208.000,00|207.000,00|60|4.922|1.018.913.999,90|
|12/02/2020|R|207.000,00|206.500,00|207.000,00|206.500,00|10|251|51.954.498,36|
|17/02/2020|R|206.500,00|200.000,00|200.000,00|200.000,00|6|1.652|330.400.000,00|
|18/02/2020|R|200.000,00|200.000,00|200.000,00|200.000,00|5|2.873|574.600.000,00|
|19/02/2020|R|200.000,00|198.000,00|200.000,00|195.000,00|13|6.798|1.358.809.000,00|
|26/02/2020|R|204.000,00|184.000,00|184.000,00|184.000,00|4|143|27.912.000,00|
|27/02/2020|R|184.000,00|179.999,95|180.000,00|179.500,00|9|75|13.499.499,90|
|28/02/2020|R|179.999,95|175.000,00|180.000,00|175.000,00|20|453|80.834.999,95|
|02/03/2020|R|175.000,00|160.000,00|175.000,00|160.000,00|6|71|12.352.000,00|
|03/03/2020|R|160.000,00|162.250,00|162.250,00|160.050,00|69|1.371|221.772.850,00|
|04/03/2020|R|162.250,00|162.250,00|162.250,00|162.250,00|7|119|19.307.750,00|
|05/03/2020|R|162.250,00|162.250,00|162.250,00|162.250,00|53|800|129.800.000,00|
|06/03/2020|R|162.250,00|180.000,00|180.000,00|162.249,00|12|674|109.975.480,00|
|09/03/2020|R|180.000,00|150.000,00|168.000,00|150.000,00|10|182|27.354.000,00|
|10/03/2020|R|150.000,00|160.000,00|160.000,00|160.000,00|2|17|2.720.000,00|
|11/03/2020|R|160.000,00|160.000,00|161.000,00|160.000,00|10|731|117.057.000,00|
|12/03/2020|R|160.000,00|160.000,00|160.002,00|160.000,00|14|277|44.320.053,00|
|13/03/2020|R|160.000,00|160.000,00|160.000,00|159.999,00|7|950|151.999.792,00|
|17/03/2020|R|160.000,00|155.000,00|155.000,00|155.000,00|2|651|104.155.000,00|
|18/03/2020|R|155.000,00|145.000,00|155.000,00|145.000,00|7|116|17.125.000,00|
|20/03/2020|R|145.000,00|137.500,00|140.000,00|137.500,00|9|288|40.820.000,00|
|23/03/2020|R|137.500,00|130.000,00|135.000,00|130.000,00|15|153|20.143.000,00|
|24/03/2020|R|130.000,00|130.000,00|130.000,00|130.000,00|9|319|41.470.000,00|
|25/03/2020|R|130.000,00|130.000,00|130.000,00|129.999,99|12|311|40.429.999,80|
|26/03/2020|R|130.000,00|120.000,00|122.000,00|120.000,00|3|267|32.054.100,00|
|30/03/2020|R|120.000,00|143.000,00|143.000,00|143.000,00|1|5|715.000,00|
|31/03/2020|R|143.000,00|150.000,00|150.000,00|150.000,00|2|175|27.250.000,00|
|01/04/2020|R|150.000,00|179.000,00|179.000,00|179.000,00|6|943|150.937.000,00|
|02/04/2020|R|179.000,00|209.000,00|210.000,00|209.000,00|5|121|24.407.000,00|
|03/04/2020|R|209.000,00|201.000,02|210.000,00|180.000,00|14|1.753|340.042.004,64|
|06/04/2020|R|201.000,02|205.000,10|205.000,10|201.100,00|9|1.170|238.510.315,00|
|07/04/2020|R|205.000,10|245.999,00|245.999,00|245.999,00|1|2|491.998,00|
|08/04/2020|R|245.999,00|295.180,00|295.198,00|270.000,01|6|176|51.701.194,10|
|13/04/2020|R|295.180,00|354.200,00|354.200,00|295.000,00|12|543|181.591.000,00|
|14/04/2020|R|354.200,00|425.000,00|425.000,00|425.000,00|2|30|12.750.000,00|
|15/04/2020|R|425.000,00|425.000,00|425.000,00|425.000,00|13|532|226.100.000,00|
|16/04/2020|R|424.940,00|425.000,00|425.000,00|423.995,00|6|161|68.411.935,00|
|17/04/2020|R|425.000,00|400.000,00|400.000,00|400.000,00|11|183|75.700.000,00|
|20/04/2020|R|400.000,00|410.000,00|410.000,00|410.000,00|4|68|27.220.000,00|
|21/04/2020|R|410.000,00|424.000,00|425.000,00|405.000,00|10|238|97.694.000,00|
|22/04/2020|R|424.000,00|500.000,00|500.000,00|424.000,00|10|3.396|1.440.639.000,00|
|23/04/2020|R|500.000,00|500.000,00|500.000,00|500.000,00|10|285|142.500.000,00|
|24/04/2020|R|500.000,00|500.000,00|510.000,00|500.000,00|6|579|289.530.000,00|
|27/04/2020|R|500.000,00|500.000,00|566.000,00|500.000,00|16|486|243.102.000,00|
|28/04/2020|R|500.000,00|505.000,00|520.000,00|500.000,00|15|759|380.150.015,00|
|29/04/2020|R|505.000,00|510.000,00|525.000,00|510.000,00|4|13|6.660.000,00|
|30/04/2020|R|510.000,00|520.000,00|525.000,00|510.000,00|6|61|31.695.000,00|
|04/05/2020|R|520.000,00|520.000,00|525.000,00|520.000,00|14|917|472.650.000,00|
|06/05/2020|R|520.000,00|520.000,00|558.000,00|520.000,00|2|10|5.238.000,00|
|07/05/2020|R|520.000,00|520.000,00|520.000,00|520.000,00|8|267|138.840.000,00|
|08/05/2020|R|520.000,00|557.000,00|557.999,00|557.000,00|3|15|8.359.995,00|
|11/05/2020|R|557.000,00|530.000,00|530.000,00|525.000,00|19|251|138.685.000,00|
|12/05/2020|R|530.000,00|530.000,00|530.000,00|530.000,00|3|4|2.120.000,00|
|13/05/2020|R|530.000,00|505.000,00|520.000,00|505.000,00|6|245|123.035.000,00|
|14/05/2020|R|505.000,00|480.000,00|480.000,00|480.000,00|7|219|109.595.000,00|
|15/05/2020|R|480.000,00|480.000,00|480.000,00|480.000,00|9|1.560|748.800.000,00|
|18/05/2020|R|480.000,00|480.000,00|500.000,00|480.000,00|12|555|266.540.000,00|
|19/05/2020|R|480.000,00|482.000,00|482.501,00|482.000,00|7|100|48.239.017,00|
|20/05/2020|R|482.000,00|482.500,00|482.500,00|482.000,00|6|41|19.771.400,00|
|21/05/2020|R|482.500,00|480.000,00|483.000,00|480.000,00|10|362|174.210.500,00|
|26/05/2020|R|480.000,00|500.000,00|500.000,00|481.100,00|16|973|469.244.195,00|
|27/05/2020|R|500.000,00|500.100,01|500.100,01|500.000,00|10|240|120.079.871,60|
|28/05/2020|R|500.100,01|529.000,00|530.000,00|502.000,00|5|44|23.133.000,00|
|29/05/2020|R|529.000,00|530.000,00|535.000,00|530.000,00|4|74|39.470.000,00|
|01/06/2020|R|530.000,00|575.000,00|575.000,00|575.000,00|6|339|181.605.000,00|
|02/06/2020|R|575.000,00|576.000,00|576.000,00|574.995,00|14|127|73.029.920,00|
|03/06/2020|R|576.000,00|580.000,00|584.000,00|580.000,00|6|567|328.880.000,00|
|04/06/2020|R|580.000,00|580.000,00|580.000,00|580.000,00|4|10|5.800.000,00|
|05/06/2020|R|580.000,00|580.000,00|580.000,00|580.000,00|7|116|67.280.000,00|
|08/06/2020|R|580.000,00|580.000,00|586.999,00|580.000,00|13|549|318.447.969,00|
|09/06/2020|R|580.000,00|565.000,00|580.000,00|565.000,00|6|353|204.545.000,00|
|10/06/2020|R|565.000,00|570.000,00|570.000,00|565.000,00|7|504|283.000.000,00|
|11/06/2020|R|570.000,00|530.000,00|570.000,00|530.000,00|6|300|162.540.000,00|
|12/06/2020|R|530.000,00|528.000,00|530.000,00|528.000,00|8|109|57.748.000,00|
|16/06/2020|R|528.000,00|515.000,00|528.000,00|515.000,00|6|291|153.609.000,00|
|17/06/2020|R|515.000,00|500.000,00|514.500,00|500.000,00|13|246|123.137.025,00|
|18/06/2020|R|500.000,00|505.000,00|505.000,00|501.000,00|4|281|141.441.000,00|
|19/06/2020|R|505.000,00|505.000,00|505.000,00|505.000,00|2|25|12.625.000,00|
|22/06/2020|R|505.000,00|500.000,00|505.000,00|500.000,00|9|2.855|1.429.500.000,00|
|23/06/2020|R|500.000,00|530.000,00|530.000,00|500.000,00|4|120|60.570.000,00|
|25/06/2020|R|530.000,00|500.000,00|556.995,00|500.000,00|12|265|133.427.490,00|
|26/06/2020|R|500.000,00|500.000,00|500.000,00|500.000,00|2|19|9.500.000,00|
|30/06/2020|R|500.000,00|501.000,00|505.000,00|500.000,00|20|515|258.080.017,00|
|01/07/2020|R|501.000,00|497.998,00|501.000,00|497.998,00|11|182|90.977.009,84|
|02/07/2020|R|497.998,00|497.998,00|498.000,00|496.000,00|13|298|148.383.478,00|
|03/07/2020|R|497.998,00|497.000,00|497.998,00|497.000,00|6|241|119.777.998,00|
|06/07/2020|R|497.000,00|500.000,00|500.000,00|497.000,00|6|95|47.236.000,00|
|07/07/2020|R|500.000,00|501.000,00|502.000,00|500.000,00|10|1.799|902.151.000,00|
|08/07/2020|R|501.000,00|515.000,00|515.000,00|510.000,00|13|939|480.125.041,93|
|09/07/2020|R|515.000,00|510.000,00|515.000,00|510.000,00|7|70|35.750.000,00|
|10/07/2020|R|510.000,00|596.000,00|596.000,00|500.000,00|12|653|332.374.000,00|
|13/07/2020|R|596.000,00|510.000,00|510.000,00|510.000,00|2|50|25.500.000,00|
|14/07/2020|R|510.000,00|510.000,00|510.000,00|510.000,00|7|93|47.430.000,00|
|15/07/2020|R|510.000,00|510.000,00|510.000,00|510.000,00|4|36|18.360.000,00|
|16/07/2020|R|510.000,00|510.000,00|510.000,00|510.000,00|7|360|183.600.000,00|
|17/07/2020|R|510.000,00|510.000,00|510.000,00|510.000,00|1|10|5.100.000,00|
|20/07/2020|R|510.000,00|510.000,00|510.000,00|510.000,00|6|285|145.350.000,00|
|21/07/2020|R|510.000,00|510.000,00|510.000,00|510.000,00|2|85|43.350.000,00|
|22/07/2020|R|510.000,00|510.000,00|0,00|0,00|1|75|38.400.000,00|
|23/07/2020|R|510.000,00|550.000,00|550.000,00|550.000,00|2|7|3.850.000,00|
|27/07/2020|R|550.000,00|560.000,00|596.000,00|550.000,01|15|184|102.366.000,57|
|28/07/2020|R|560.000,00|560.000,00|0,00|0,00|1|100|55.000.000,00|
|29/07/2020|R|560.000,00|560.000,00|560.001,00|560.000,00|4|37|20.828.802,00|
|30/07/2020|R|560.000,00|565.000,00|565.000,00|560.000,00|7|411|232.171.000,00|
|31/07/2020|R|565.000,00|596.000,00|596.000,00|596.000,00|3|35|20.860.000,00|
|03/08/2020|R|596.000,00|612.000,00|612.000,00|596.000,00|6|97|55.319.000,00|
|04/08/2020|R|612.000,00|650.000,00|650.000,00|630.000,00|19|1.251|805.915.000,00|
|05/08/2020|R|650.000,00|662.000,00|662.000,00|650.000,00|4|29|18.922.000,00|
|06/08/2020|R|662.000,00|668.000,00|668.000,00|650.000,00|6|61|39.818.000,00|
|07/08/2020|R|668.000,00|800.000,00|800.000,00|671.000,00|9|35|24.440.000,00|
|10/08/2020|R|800.000,00|800.000,00|820.000,00|800.000,00|10|942|753.620.000,00|
|11/08/2020|R|800.000,00|725.000,00|750.000,00|725.000,00|17|2.387|1.766.990.000,00|
|13/08/2020|R|725.000,00|800.000,00|800.000,00|725.000,00|10|339|257.765.185,00|
|14/08/2020|R|800.000,00|800.000,00|800.000,01|800.000,00|9|230|184.000.001,45|
|17/08/2020|R|800.000,00|800.000,00|800.000,00|800.000,00|9|361|288.800.000,00|
|18/08/2020|R|800.000,00|800.000,00|800.000,00|800.000,00|7|83|66.400.000,00|
|19/08/2020|R|800.000,00|800.000,00|800.000,00|799.999,99|13|346|276.799.999,00|
|20/08/2020|R|800.000,00|799.999,00|826.999,00|770.000,00|8|318|246.969.988,00|
|21/08/2020|R|799.999,00|795.000,00|799.995,00|780.000,00|20|1.031|809.274.860,00|
|24/08/2020|R|795.000,00|795.000,00|795.000,00|795.000,00|2|35|27.825.000,00|
|25/08/2020|R|795.000,00|800.000,00|810.000,00|800.000,00|13|209|167.800.000,36|
|26/08/2020|R|800.000,00|800.000,00|800.000,00|800.000,00|7|151|120.800.000,00|
|27/08/2020|R|800.000,00|799.000,00|800.000,00|799.000,00|7|95|75.946.000,00|
|28/08/2020|R|799.000,00|800.000,00|805.000,00|799.000,00|6|135|107.937.000,00|
|01/09/2020|R|800.000,00|800.000,00|800.000,00|800.000,00|19|390|312.000.000,00|
|02/09/2020|R|800.000,00|809.999,99|809.999,99|800.000,00|19|141|112.949.999,85|
|03/09/2020|R|809.999,99|805.000,00|805.000,00|805.000,00|2|4|3.205.000,00|
|04/09/2020|R|805.000,00|802.000,00|802.000,00|802.000,00|1|30|24.060.000,00|
|07/09/2020|R|802.000,00|805.000,00|805.000,00|802.000,00|7|40|32.162.500,00|
|08/09/2020|R|805.000,00|805.000,00|805.000,00|805.000,00|5|25|20.140.000,00|
|09/09/2020|R|805.000,00|805.000,00|805.000,00|805.000,00|4|89|71.645.000,00|
|10/09/2020|R|805.000,00|801.000,00|805.000,00|801.000,00|5|275|220.315.000,00|
|11/09/2020|R|801.000,00|800.000,00|801.000,00|795.000,00|17|1.405|1.123.495.000,00|
|15/09/2020|R|800.000,00|800.000,00|800.000,00|800.000,00|6|170|136.000.000,00|
|16/09/2020|R|800.000,00|800.000,00|800.000,00|800.000,00|12|764|611.200.000,00|
|17/09/2020|R|800.000,00|800.000,00|810.000,00|800.000,00|6|623|498.440.000,00|
|18/09/2020|R|800.000,00|780.000,00|810.000,00|780.000,00|15|204|162.360.000,00|
|21/09/2020|R|780.000,00|800.000,00|800.000,00|800.000,00|12|1.196|956.800.000,00|
|22/09/2020|R|800.000,00|800.000,00|800.000,00|800.000,00|7|223|178.400.000,00|
|23/09/2020|R|800.000,00|825.000,00|825.000,00|800.000,00|4|377|301.725.000,00|
|24/09/2020|R|825.000,00|815.000,00|815.000,00|815.000,00|4|75|61.125.000,00|
|25/09/2020|R|815.000,00|815.000,00|815.000,00|815.000,00|4|279|227.385.000,00|
|28/09/2020|R|815.000,00|815.000,00|815.000,00|815.000,00|2|13|10.595.000,00|
|29/09/2020|R|815.000,00|815.000,00|820.000,00|810.000,00|9|253|205.700.000,00|
|30/09/2020|R|815.000,00|810.000,00|820.000,00|810.000,00|11|61|49.670.000,00|
|01/10/2020|R|810.000,00|809.500,00|819.999,99|800.000,00|17|603|486.435.499,87|
|02/10/2020|R|809.500,00|800.000,00|809.500,00|800.000,00|18|1.423|1.139.039.510,00|
|05/10/2020|R|800.000,00|800.000,00|805.000,00|800.000,00|11|878|703.400.000,00|
|06/10/2020|R|800.000,00|815.000,00|815.000,00|810.000,00|10|942|762.380.000,00|
|07/10/2020|R|815.000,00|805.000,00|815.000,00|805.000,00|8|360|290.150.000,00|
|08/10/2020|R|805.000,00|810.000,00|811.000,00|810.000,00|5|325|263.445.000,00|
|09/10/2020|R|810.000,00|810.000,00|812.000,00|810.000,00|43|1.123|909.659.000,00|
|13/10/2020|R|810.000,00|810.000,00|0,00|0,00|2|100|81.000.000,00|
|14/10/2020|R|810.000,00|810.000,00|810.000,00|810.000,00|18|1.803|1.460.430.000,00|
|15/10/2020|R|810.000,00|807.000,00|810.500,00|807.000,00|18|1.637|1.325.709.610,00|
|16/10/2020|R|807.000,00|800.000,00|800.000,00|800.000,00|2|922|737.600.000,00|
|19/10/2020|R|800.000,00|790.000,00|790.000,00|790.000,00|5|18|14.220.000,00|
|20/10/2020|R|790.000,00|795.000,00|795.000,00|770.000,00|2|22|17.440.000,00|
|21/10/2020|R|795.000,00|795.000,00|800.000,00|795.000,00|4|49|39.005.000,00|
|22/10/2020|R|795.000,00|795.000,00|795.000,00|795.000,00|4|13|10.335.000,00|
|23/10/2020|R|795.000,00|790.000,00|795.000,00|790.000,00|11|84|66.575.000,00|
|26/10/2020|R|790.000,00|775.000,00|789.000,00|770.000,00|6|36|27.973.000,00|
|27/10/2020|R|775.000,00|750.000,00|774.500,00|750.000,00|12|177|134.617.500,00|
|28/10/2020|R|750.000,00|750.000,00|750.000,00|745.000,00|14|205|153.649.750,00|
|29/10/2020|R|750.000,00|750.000,00|751.000,00|750.000,00|21|697|522.760.024,00|
|30/10/2020|R|750.000,00|760.000,00|760.000,00|760.000,00|8|58|44.080.000,00|
|02/11/2020|R|760.000,00|750.000,00|760.000,00|735.000,00|14|333|250.004.000,00|
|03/11/2020|R|750.000,00|750.000,00|755.000,00|750.000,00|8|228|171.100.000,00|
|04/11/2020|R|750.000,00|750.000,00|750.000,00|750.000,00|39|1.352|1.013.853.000,00|
|05/11/2020|R|750.000,00|750.000,00|750.000,00|745.000,00|13|850|637.400.000,00|
|06/11/2020|R|750.000,00|750.000,00|750.000,00|750.000,00|19|567|425.235.000,00|
|09/11/2020|R|750.000,00|750.000,00|750.000,00|750.000,00|19|866|649.500.000,00|
|10/11/2020|R|750.000,00|750.000,00|750.000,00|749.999,99|15|617|462.749.999,83|
|11/11/2020|R|750.000,00|750.000,00|750.000,00|750.000,00|15|401|300.750.000,00|
|12/11/2020|R|750.000,00|770.000,00|770.000,00|770.000,00|3|50|38.500.000,00|
|13/11/2020|R|770.000,00|850.000,00|850.000,00|800.000,00|2|51|40.850.000,00|
|16/11/2020|R|850.000,00|800.000,00|800.000,00|800.000,00|4|103|82.400.000,00|
|17/11/2020|R|800.000,00|790.000,00|800.000,00|790.000,00|3|221|174.640.000,00|
|18/11/2020|R|790.000,00|790.000,00|790.000,00|790.000,00|2|3|2.370.000,00|
|19/11/2020|R|790.000,00|791.000,00|791.000,00|790.000,00|11|745|589.119.000,00|
|20/11/2020|R|791.000,00|890.000,00|890.000,00|835.000,00|6|76|64.445.000,00|
|24/11/2020|R|890.000,00|999.999,00|999.999,99|999.999,00|10|1.193|1.192.998.998,07|
|25/11/2020|R|999.999,00|1.083.000,00|1.083.000,00|1.000.000,00|28|4.746|4.903.901.640,00|
|26/11/2020|R|1.083.000,00|1.127.000,00|1.127.000,00|1.083.000,00|6|237|253.056.500,00|
|27/11/2020|R|1.127.000,00|1.300.000,00|1.360.000,00|1.300.000,00|8|200|267.124.000,00|
|30/11/2020|R|1.300.000,00|1.800.000,00|1.800.000,00|1.350.000,00|10|75|115.480.620,00|
|01/12/2020|R|1.800.000,00|1.800.000,00|2.100.000,00|1.800.000,00|11|1.531|2.756.100.000,00|
|02/12/2020|R|1.800.000,00|1.800.000,00|1.900.000,00|1.700.000,00|7|244|416.300.000,00|
|03/12/2020|R|1.800.000,00|2.099.000,00|2.099.000,00|2.050.000,00|6|16|32.389.000,00|
|04/12/2020|R|2.099.000,00|2.099.000,00|0,00|0,00|4|25.166|49.076.462.880,00|
|07/12/2020|R|2.099.000,00|2.100.000,00|2.100.000,00|2.099.000,00|14|459|963.454.000,00|
|08/12/2020|R|2.100.000,00|2.090.000,00|2.100.000,00|2.090.000,00|8|483|1.010.979.000,00|
|09/12/2020|R|2.090.000,00|1.900.000,00|2.100.000,00|1.900.000,00|6|293|580.590.000,00|
|10/12/2020|R|1.900.000,00|1.900.000,00|1.900.000,00|1.900.000,00|2|117|222.300.000,00|
|11/12/2020|R|1.900.000,00|1.900.000,00|2.100.000,00|1.900.000,00|4|23|43.900.000,00|
|15/12/2020|R|1.900.000,00|1.900.000,00|1.900.000,00|1.900.000,00|6|375|712.500.000,00|
|16/12/2020|R|1.900.000,00|1.850.000,00|2.100.000,00|1.620.000,00|16|385|687.840.000,00|
|17/12/2020|R|1.850.000,00|1.700.000,00|1.850.000,00|1.700.000,00|12|771|1.344.300.000,00|
|18/12/2020|R|1.700.000,00|1.750.000,00|1.750.000,00|1.700.000,00|10|1.171|1.996.850.000,00|
|21/12/2020|R|1.750.000,00|1.650.000,00|1.800.000,00|1.650.000,00|6|128|221.850.000,00|
|22/12/2020|R|1.650.000,00|1.660.000,00|1.660.000,00|1.650.000,00|4|64|105.920.000,00|
|23/12/2020|R|1.660.000,00|1.626.000,00|1.626.000,00|1.600.000,00|3|117|187.668.000,00|
|28/12/2020|R|1.626.000,00|1.655.000,00|1.655.000,00|1.626.000,00|5|79|129.614.000,00|
|29/12/2020|R|1.655.000,00|1.661.000,00|1.661.000,00|1.655.000,00|9|230|381.250.020,00|
|30/12/2020|R|1.661.000,00|1.993.190,00|1.993.190,00|1.661.000,00|12|108|180.716.760,00|
|04/01/2021|R|1.993.190,00|2.391.820,00|2.391.820,00|2.390.000,00|3|43|102.775.460,00|
|05/01/2021|R|2.391.820,00|2.000.000,00|2.390.000,00|2.000.000,00|13|273|591.480.000,00|
|06/01/2021|R|2.000.000,00|2.170.000,00|2.170.000,00|2.170.000,00|2|26|56.420.000,00|
|07/01/2021|R|2.170.000,00|2.400.000,00|2.400.000,00|2.170.000,00|9|111|241.108.000,00|
|08/01/2021|R|2.400.000,00|2.400.000,00|2.670.000,00|2.400.000,00|4|32|77.070.000,00|
|12/01/2021|R|2.400.000,00|2.600.000,00|2.600.010,00|2.400.000,00|10|187|452.800.070,00|
|13/01/2021|R|2.600.000,00|2.310.000,00|2.510.000,00|2.310.000,00|16|844|2.080.959.040,00|
|14/01/2021|R|2.310.000,00|2.300.000,00|2.310.000,00|2.300.000,00|15|703|1.621.590.150,00|
|15/01/2021|R|2.300.000,00|2.300.010,00|2.400.000,00|2.300.000,00|9|252|583.001.050,00|
