


|03/01/2020|R|850,00|1.000,00|1.000,00|850,00|7|22.609|22.541.496,11|
|07/01/2020|R|1.000,00|1.200,00|1.200,00|1.200,00|2|1.000|1.200.000,00|
|08/01/2020|R|1.200,00|1.439,97|1.439,97|1.400,00|3|2.150|3.089.940,00|
|09/01/2020|R|1.439,97|1.400,00|1.400,00|1.390,00|3|5.580|7.807.200,00|
|10/01/2020|R|1.400,00|1.200,00|1.200,00|1.200,00|2|1.029|1.234.800,00|
|13/01/2020|R|1.200,00|1.200,00|1.200,00|1.199,00|5|20.300|24.359.700,00|
|14/01/2020|R|1.200,00|1.200,00|1.200,00|1.200,00|1|7|8.400,00|
|15/01/2020|R|1.200,00|1.100,00|1.300,00|1.100,00|5|1.000.402|1.100.522.600,00|
|16/01/2020|R|1.100,00|1.300,00|1.300,00|1.100,00|6|1.729|2.126.900,00|
|17/01/2020|R|1.300,00|1.250,00|1.250,00|1.250,00|7|8.663|10.828.750,00|
|21/01/2020|R|1.250,00|1.250,00|1.480,00|1.480,00|1|5|7.400,00|
|22/01/2020|R|1.250,00|1.150,00|1.250,00|1.150,00|3|3.657|4.371.250,00|
|24/01/2020|R|1.150,00|1.200,00|1.200,00|1.160,00|3|3.774|4.378.480,00|
|27/01/2020|R|1.200,00|961,00|1.199,00|961,00|3|2.936|3.507.887,00|
|29/01/2020|R|961,00|1.000,00|1.030,00|1.000,00|3|120.300|120.839.000,00|
|30/01/2020|R|1.000,00|1.000,00|1.200,00|1.200,00|1|2|2.400,00|
|31/01/2020|R|1.000,00|1.350,00|1.350,00|1.200,00|2|1.100|1.335.000,00|
|05/02/2020|R|1.350,00|1.350,00|1.399,00|1.399,00|1|2|2.798,00|
|06/02/2020|R|1.350,00|1.350,00|1.350,00|1.350,00|2|2.803|3.784.050,00|
|07/02/2020|R|1.350,00|1.350,00|1.350,00|1.350,00|2|3.008|3.842.648,08|
|11/02/2020|R|1.350,00|1.350,00|1.350,00|1.350,00|4|3.757|5.071.950,00|
|12/02/2020|R|1.350,00|1.100,01|1.330,00|1.100,01|6|58.213|65.496.149,33|
|17/02/2020|R|1.100,01|1.350,00|1.350,00|1.301,00|4|237|313.580,00|
|18/02/2020|R|1.350,00|1.360,00|1.360,00|1.360,00|5|6.425|8.738.000,00|
|19/02/2020|R|1.360,00|1.400,00|1.400,00|1.400,00|1|100|140.000,00|
|27/02/2020|R|1.448,00|1.447,00|1.447,00|1.447,00|2|99|143.253,00|
|28/02/2020|R|1.447,00|1.479,00|1.479,00|1.478,00|2|310|458.289,00|
|02/03/2020|R|1.479,00|1.450,00|1.450,00|1.450,00|2|65|94.250,00|
|03/03/2020|R|1.450,00|1.449,00|1.449,00|1.449,00|1|100|144.900,00|
|04/03/2020|R|1.449,00|1.450,00|1.450,00|1.450,00|1|2.750|3.987.500,00|
|05/03/2020|R|1.450,00|1.170,00|1.191,00|1.170,00|4|18.200|21.362.660,00|
|06/03/2020|R|1.170,00|1.215,00|1.215,00|1.183,00|5|957|1.138.755,00|
|09/03/2020|R|1.215,00|1.215,00|1.215,00|1.215,00|4|3.312|4.024.080,00|
|10/03/2020|R|1.215,00|1.230,00|1.230,00|1.230,00|1|31|38.130,00|
|11/03/2020|R|1.230,00|1.450,00|1.450,00|1.230,00|2|128|168.440,00|
|12/03/2020|R|1.450,00|1.450,00|1.450,00|1.450,00|1|533|772.850,00|
|13/03/2020|R|1.450,00|1.450,00|1.457,98|1.450,00|2|3.200|4.661.546,00|
|27/03/2020|R|1.450,00|1.440,00|1.440,00|1.440,00|1|266|383.040,00|
|30/03/2020|R|1.440,00|1.449,00|1.449,00|1.449,00|1|25|36.225,00|
|31/03/2020|R|1.449,00|1.449,00|1.450,00|1.449,00|2|251.299|364.133.550,00|
|01/04/2020|R|1.449,00|1.449,00|1.449,00|1.449,00|1|275|398.475,00|
|02/04/2020|R|1.449,00|1.475,00|1.479,00|1.449,00|12|136.862|198.371.539,00|
|03/04/2020|R|1.475,00|1.475,00|1.479,99|1.460,00|7|41.588|61.333.796,50|
|06/04/2020|R|1.475,00|1.500,00|1.500,00|1.480,00|5|27.034|40.011.000,00|
|07/04/2020|R|1.500,00|1.500,00|1.500,00|1.500,00|9|22.430|33.645.000,00|
|08/04/2020|R|1.500,00|1.550,00|1.550,00|1.500,00|8|60.536|92.868.000,00|
|13/04/2020|R|1.550,00|1.550,00|1.550,00|1.550,00|2|13.000|21.389.960,00|
|14/04/2020|R|1.550,00|2.500,00|2.500,00|1.605,00|14|10.199|22.497.774,76|
|15/04/2020|R|2.500,00|2.500,00|2.750,00|2.232,00|5|1.985|4.794.249,00|
|16/04/2020|R|2.500,00|2.399,00|2.500,00|2.399,00|4|112.479|281.091.652,00|
|17/04/2020|R|2.399,00|2.000,00|2.398,00|1.955,00|5|15.525|32.607.445,00|
|20/04/2020|R|2.000,00|2.000,00|2.000,00|2.000,00|17|49.011|98.022.000,00|
|21/04/2020|R|2.000,00|2.300,00|2.300,00|2.300,00|2|2.000|4.600.000,00|
|22/04/2020|R|2.300,00|2.100,00|2.401,00|2.100,00|10|12.389|28.040.845,00|
|23/04/2020|R|2.100,00|2.600,00|2.600,00|2.300,00|10|13.387|31.935.920,00|
|24/04/2020|R|2.600,00|2.080,05|2.600,00|2.080,05|9|24.190|52.599.717,60|
|27/04/2020|R|2.080,05|2.000,00|2.472,00|2.000,00|2|50.140|100.346.080,00|
|28/04/2020|R|2.000,00|2.000,00|2.394,00|2.000,00|4|20.706|41.513.456,00|
|29/04/2020|R|2.000,00|2.000,00|2.298,99|2.000,00|5|69.200|139.087.677,00|
|30/04/2020|R|2.000,00|2.230,00|2.230,00|2.000,00|3|15.029|30.064.669,97|
|04/05/2020|R|2.230,00|2.294,00|2.294,00|2.294,00|2|22|50.468,00|
|05/05/2020|R|2.294,00|2.364,00|2.365,00|2.300,00|3|310|729.800,00|
|06/05/2020|R|2.364,00|2.288,00|2.289,00|2.200,00|13|9.685|21.989.472,00|
|07/05/2020|R|2.288,00|2.235,00|2.288,00|2.200,00|6|10.817|23.520.176,00|
|08/05/2020|R|2.235,00|2.230,00|2.279,99|2.200,00|11|91.819|202.470.179,45|
|11/05/2020|R|2.230,00|2.200,00|2.200,00|2.200,00|3|22.820|50.204.000,00|
|12/05/2020|R|2.200,00|2.000,00|2.200,00|2.000,00|11|127.403|257.486.600,00|
|13/05/2020|R|2.000,00|2.000,00|2.000,01|2.000,00|5|115.667|231.334.000,10|
|14/05/2020|R|2.000,00|2.000,00|0,00|0,00|1|3.343|7.133.962,00|
|15/05/2020|R|2.000,00|2.100,00|2.164,99|2.100,00|7|4.955|10.621.046,45|
|18/05/2020|R|2.100,00|2.100,00|2.190,00|2.100,00|8|3.113|6.541.244,00|
|19/05/2020|R|2.100,00|2.195,00|2.199,99|2.000,00|9|487.750|975.549.748,00|
|20/05/2020|R|2.195,00|2.199,99|2.199,99|2.000,00|4|138.410|276.821.999,90|
|21/05/2020|R|2.199,99|2.000,00|2.000,00|2.000,00|2|159.081|318.162.000,00|
|22/05/2020|R|2.000,00|2.399,00|2.399,00|2.000,00|12|718.466|1.437.217.371,00|
|26/05/2020|R|2.399,00|2.000,00|2.000,05|2.000,00|6|506.600|1.013.200.305,00|
|27/05/2020|R|2.000,00|2.399,00|2.399,00|2.000,00|5|102.057|204.789.522,00|
|28/05/2020|R|2.399,00|2.399,00|2.399,00|2.399,00|1|260|623.740,00|
|29/05/2020|R|2.399,00|2.878,00|2.878,00|2.878,00|2|1.142|3.286.676,00|
|02/06/2020|R|2.878,00|2.950,00|2.950,00|2.900,00|9|4.660|13.594.000,00|
|03/06/2020|R|2.950,00|3.100,00|3.100,00|3.100,00|1|800|2.480.000,00|
|04/06/2020|R|3.100,00|3.109,00|3.109,00|3.109,00|5|8.151|25.341.459,00|
|05/06/2020|R|3.109,00|3.109,00|3.109,00|3.109,00|1|20|62.180,00|
|08/06/2020|R|3.109,00|2.500,00|3.097,00|2.500,00|7|7.127|20.502.710,00|
|09/06/2020|R|2.500,00|2.999,99|2.999,99|2.999,99|2|35|104.999,65|
|10/06/2020|R|2.999,99|3.000,00|3.000,00|3.000,00|7|13.317|38.087.600,00|
|11/06/2020|R|3.000,00|2.850,00|2.850,00|2.850,00|2|27.943|83.079.000,00|
|12/06/2020|R|2.850,00|2.900,00|2.900,00|2.800,00|3|6.913|19.462.700,00|
|16/06/2020|R|2.900,00|2.506,00|3.000,00|2.506,00|4|2.250|6.525.420,00|
|17/06/2020|R|2.506,00|2.506,00|2.506,00|2.475,00|5|705|1.763.785,00|
|18/06/2020|R|2.506,00|2.700,00|2.900,00|2.600,00|7|10.372|26.980.515,95|
|19/06/2020|R|2.700,00|2.700,00|2.750,00|2.700,00|3|498|1.351.350,00|
|22/06/2020|R|2.700,00|2.849,00|2.849,00|2.200,00|3|106.417|236.085.461,00|
|23/06/2020|R|2.849,00|2.500,00|2.500,00|2.280,00|3|5.013|12.529.640,00|
|25/06/2020|R|2.500,00|2.309,00|2.849,00|2.309,00|6|4.875|11.902.745,00|
|30/06/2020|R|2.309,00|2.697,00|2.697,00|2.350,00|6|7.486|17.845.190,00|
|01/07/2020|R|2.697,00|2.600,00|2.600,00|2.600,00|3|884|2.298.400,00|
|03/07/2020|R|2.600,00|2.000,00|2.600,00|2.000,00|10|1.501.638|3.003.427.300,00|
|06/07/2020|R|2.000,00|2.350,00|2.350,00|2.000,00|7|95.202|190.553.680,00|
|07/07/2020|R|2.350,00|2.350,00|2.400,00|2.000,05|2|45|98.001,25|
|08/07/2020|R|2.350,00|2.400,00|2.400,00|2.400,00|9|100.107|240.256.800,00|
|09/07/2020|R|2.400,00|2.400,00|2.405,00|2.400,00|7|28.027|67.277.810,00|
|10/07/2020|R|2.400,00|2.400,00|2.400,00|2.400,00|7|94.280|226.272.000,00|
|13/07/2020|R|2.400,00|2.300,00|2.400,00|2.300,00|4|15.754|36.807.200,00|
|15/07/2020|R|2.300,00|2.300,00|2.350,00|2.300,00|4|20.100|46.235.000,00|
|16/07/2020|R|2.300,00|2.000,00|2.300,00|2.000,00|10|351.538|703.851.435,70|
|17/07/2020|R|2.000,00|2.300,00|2.399,00|2.000,00|15|1.310.916|2.642.863.302,30|
|20/07/2020|R|2.300,00|2.000,00|2.050,00|2.000,00|5|296.940|594.615.050,00|
|21/07/2020|R|2.000,00|2.399,99|2.400,00|2.399,99|6|22.131|53.114.308,82|
|22/07/2020|R|2.399,99|2.400,00|2.400,00|2.399,99|4|40.000|95.999.930,00|
|23/07/2020|R|2.400,00|2.400,00|2.490,00|2.400,00|5|632|1.519.680,00|
|27/07/2020|R|2.400,00|2.399,99|2.399,99|2.399,99|2|5.000|11.999.950,00|
|28/07/2020|R|2.399,99|2.397,00|2.399,99|2.397,00|5|43.000|103.148.740,00|
|29/07/2020|R|2.397,00|2.397,00|2.499,99|2.499,99|2|7|17.499,93|
|30/07/2020|R|2.397,00|2.450,00|2.450,00|2.450,00|2|3.233|7.920.850,00|
|31/07/2020|R|2.450,00|2.450,00|2.450,00|2.449,99|3|2.499|6.122.535,00|
|03/08/2020|R|2.450,00|2.599,99|2.599,99|2.599,99|3|2.626|6.827.573,74|
|04/08/2020|R|2.599,99|2.599,99|2.599,99|2.599,99|3|2.345|6.096.976,55|
|05/08/2020|R|2.599,99|2.600,00|2.600,00|2.598,00|9|12.540|32.602.939,90|
|06/08/2020|R|2.600,00|2.950,00|2.950,00|2.950,00|3|5.610|16.549.500,00|
|07/08/2020|R|2.950,00|3.050,00|3.060,00|3.045,00|10|41.664|127.090.875,00|
|10/08/2020|R|3.050,00|3.050,00|3.100,00|3.050,00|11|36.053|110.128.400,00|
|11/08/2020|R|3.050,00|2.800,00|3.000,00|2.800,00|6|8.545|23.952.600,00|
|12/08/2020|R|2.800,00|3.360,00|3.360,00|2.700,00|11|8.336|24.745.980,00|
|13/08/2020|R|3.360,00|3.550,00|3.550,00|3.550,00|3|677|2.350.150,00|
|14/08/2020|R|3.550,00|4.260,00|4.260,00|3.550,00|6|3.765|13.890.970,00|
|17/08/2020|R|4.260,00|4.410,00|4.500,00|4.410,00|13|25.547|113.269.620,00|
|18/08/2020|R|4.410,00|3.528,01|4.400,00|3.528,01|6|6.139|23.959.635,00|
|19/08/2020|R|3.528,01|4.640,00|4.640,00|4.233,61|9|33.750|154.201.680,50|
|20/08/2020|R|4.640,00|4.700,00|4.710,00|4.700,00|8|21.160|99.452.490,00|
|21/08/2020|R|4.700,00|4.500,00|4.500,00|4.480,00|11|30.500|136.953.800,00|
|24/08/2020|R|4.500,00|4.600,00|4.600,00|4.500,00|11|34.570|155.665.050,00|
|25/08/2020|R|4.600,00|4.710,00|4.720,00|4.710,00|8|113.396|534.096.610,00|
|26/08/2020|R|4.710,00|4.490,00|4.730,00|4.490,00|4|834|3.860.860,00|
|27/08/2020|R|4.490,00|4.490,00|4.490,00|4.490,00|5|6.984|31.424.160,00|
|28/08/2020|R|4.490,00|4.400,00|4.500,00|4.400,00|3|332|1.489.800,00|
|31/08/2020|R|4.400,00|4.870,00|4.870,00|4.870,00|1|80|389.600,00|
|01/09/2020|R|4.870,00|4.400,00|4.400,00|4.400,00|2|15.000|66.000.000,00|
|03/09/2020|R|4.400,00|4.400,00|4.400,00|4.400,00|3|2.038|8.967.200,00|
|04/09/2020|R|4.400,00|4.499,00|4.499,00|4.499,00|2|109|493.424,00|
|07/09/2020|R|4.499,00|4.400,00|4.499,00|4.400,00|5|2.157|9.696.837,00|
|08/09/2020|R|4.400,00|4.500,00|4.550,00|4.499,99|8|14.599|65.966.780,57|
|09/09/2020|R|4.500,00|4.500,00|4.599,99|4.480,00|6|17.600|79.207.459,00|
|10/09/2020|R|4.500,00|4.480,00|4.500,00|4.480,00|8|32.131|144.546.280,00|
|11/09/2020|R|4.480,00|4.480,00|4.500,00|4.500,00|1|25|112.500,00|
|16/09/2020|R|4.480,00|4.599,99|4.599,99|4.490,00|7|4.771|21.588.107,82|
|17/09/2020|R|4.599,99|4.650,00|4.650,00|4.599,00|7|3.443|15.847.240,00|
|18/09/2020|R|4.650,00|4.650,00|4.650,00|4.650,00|6|5.617|26.119.050,00|
|21/09/2020|R|4.650,00|4.680,00|4.680,00|4.650,00|7|17.005|79.208.250,00|
|22/09/2020|R|4.680,00|4.680,00|4.680,00|4.680,00|2|525|2.457.000,00|
|23/09/2020|R|4.680,00|4.680,00|4.680,00|4.680,00|1|200|936.000,00|
|24/09/2020|R|4.680,00|4.700,00|4.700,00|4.680,00|6|19.633|92.272.200,00|
|25/09/2020|R|4.700,00|4.730,00|4.730,00|4.725,00|5|22.140|104.720.900,00|
|28/09/2020|R|4.730,00|4.750,00|4.750,00|4.750,00|3|55|261.250,00|
|29/09/2020|R|4.750,00|4.750,00|4.750,00|4.500,00|8|406.475|1.930.755.500,00|
|30/09/2020|R|4.750,00|4.830,00|4.830,00|4.770,00|8|29.360|140.895.100,00|
|01/10/2020|R|4.830,00|4.970,00|4.970,00|4.850,00|8|39.800|195.025.000,00|
|02/10/2020|R|4.970,00|5.000,00|5.100,00|4.970,00|11|47.974|240.945.800,00|
|05/10/2020|R|5.000,00|5.000,00|5.000,00|5.000,00|4|26.358|131.790.000,00|
|06/10/2020|R|5.000,00|5.000,00|5.000,00|5.000,00|4|1.100|5.500.000,00|
|07/10/2020|R|5.000,00|5.000,00|5.000,00|5.000,00|4|445|2.225.000,00|
|08/10/2020|R|5.000,00|5.000,00|5.000,00|5.000,00|1|175|875.000,00|
|09/10/2020|R|5.000,00|5.200,00|5.200,00|5.000,00|2|4.550|22.770.000,00|
|13/10/2020|R|5.200,00|5.350,00|5.350,00|5.200,00|7|44.830|235.842.400,00|
|14/10/2020|R|5.350,00|5.350,00|5.350,00|5.299,00|13|724.726|3.874.825.300,00|
|15/10/2020|R|5.350,00|5.350,00|5.350,00|5.350,00|7|5.371|28.734.850,00|
|16/10/2020|R|5.350,00|5.400,00|5.400,00|5.390,00|8|1.465|7.908.500,00|
|19/10/2020|R|5.400,00|5.400,00|5.400,00|5.400,00|4|19.484|105.213.600,00|
|21/10/2020|R|5.400,00|5.400,00|5.400,00|5.400,00|4|149|804.600,00|
|22/10/2020|R|5.400,00|5.450,00|5.450,00|5.400,00|5|6.706|36.239.900,00|
|23/10/2020|R|5.450,00|5.450,00|5.450,00|5.450,00|10|22.696|123.693.200,00|
|26/10/2020|R|5.450,00|5.500,00|5.500,00|5.450,00|5|949|5.219.250,00|
|27/10/2020|R|5.500,00|5.450,00|5.500,00|5.450,00|2|134|735.300,00|
|28/10/2020|R|5.450,00|5.495,00|5.500,00|5.450,00|3|3.004|16.473.510,00|
