





202005131|37|ABC.A|17|10|118000|2|0||
202005132|7|EFE|10|4|7200|2|0||
202005133|10|MPA|12|12|12100|0|3||
202005134|1|IVC|6|48|209999|2|0||
202005135|50|ENV|12|12|44000|0|3||
202005136|100|RST|12|12|98500|0|3||
202005137|17|BPV|12|12|501000|0|3||
202005138|85168|FVI.B|4|4|1400|2|3||
202005139|1508|ENV|4|4|44000|2|3||
2020051310|230|TPG|12|12|700|0|3||
2020051311|6670|CRM.A|4|4|13500|2|3||
2020051312|500|FVI.B|12|12|1410|0|3||
2020051313|477|DOM|4|4|82000|2|3||
2020051314|13|MVZ.A|12|12|530000|0|3||
2020051315|110|BPV|4|4|498000|2|3||
2020051316|141|MVZ.A|4|4|500000|2|3||
2020051317|13|MVZ.B|12|12|525000|0|3||
2020051318|20|CRM.A|6|2|13949.99|2|0||
2020051319|1500|BNC|12|12|1700.01|0|3||
2020051320|16|BOU|4|12|56|2|0||
2020051321|2|PGR|10|22|2000|2|0||
2020051322|500|BVCC|24|72|44000|2|0||
2020051323|5|PGR|10|12|2000|2|0||
2020051324|2000|BNC|2|2|1700|2|3||
2020051325|15|CGQ|32|32|100000|2|3||
2020051326|15|CGQ|32|32|100000|2|3||
2020051327|453|BOU|4|64|56|2|0||
2020051328|227|BVCC|32|32|45200|2|3||
2020051329|1000|MPA|4|4|12100|2|3||
2020051330|227|BVCC|32|32|45200|2|3||
2020051331|98|DOM|32|32|83575|2|3||
2020051332|1000|TPG|4|12|651|2|0||
2020051333|98|DOM|32|32|83575|2|3||
2020051334|69|ENV|32|32|44000|2|3||
2020051335|350|BNC|48|4|1700|2|0||
2020051336|69|ENV|32|32|44000|2|3||
2020051337|179|RST|32|32|98500|2|3||
2020051338|2250|FVI.B|17|6|1410|2|0||
2020051339|179|RST|32|32|98500|2|3||
2020051340|9|RST.B|52|72|99995|2|0||
2020051341|179|RST.B|32|32|96000|2|3||
2020051342|179|RST.B|32|32|96000|2|3||
2020051343|1|RST.B|17|72|100000|2|0||
2020051344|29|GZL|32|32|90000|2|3||
2020051345|29|GZL|32|32|90000|2|3||
2020051346|3800|FVI.A|32|32|3200|2|3||
2020051347|3800|FVI.A|32|32|3200|2|3||
2020051348|10|TPG|6|72|690|2|0||
2020051349|4000|BOU|22|22|55.96|2|0||
2020051350|53599|BOU|22|10|55.95|2|0||
2020051351|4292|FVI.B|32|32|1410|1|3||
2020051352|8|BVCC|34|10|45200|2|0||
2020051353|4292|FVI.B|32|32|1410|1|3||
2020051354|18|BPV|32|32|501000|1|3||
2020051355|18|BPV|32|32|501000|1|3||
2020051356|10|MVZ.A|32|32|530000|1|3||
2020051357|10|MVZ.A|32|32|530000|1|3||
2020051358|220|FVI.B|2|10|1409|2|0||
2020051359|162|FVI.B|17|10|1410|2|0||
2020051360|17|MVZ.B|32|32|525000|2|3||
2020051361|50|BVCC|12|12|45200|0|3||
2020051362|17|MVZ.B|32|32|525000|2|3||
2020051363|12|BOU|12|12|55.95|0|3||
2020051364|5000|BOU|4|6|56|2|0||
2020051365|81|PGR|49|22|2000|0|3||
2020051366|16|ABC.A|32|32|115500|1|3||
2020051367|9890|TPG|6|72|690|2|0||
2020051368|16|ABC.A|32|32|115500|1|3||
2020051369|900|BNC|32|32|1700.01|1|3||
2020051370|900|BNC|32|32|1700.01|1|3||
2020051371|753|FVI.B|17|64|1410|2|0||
2020051372|101|FVI.B|17|10|1410|2|0||
2020051373|13350|BVCC|14|14|45100|1|3||
2020051374|4|TDV.D|2|10|50000|2|0||
2020051375|130|BVL|52|10|6700|2|0||
2020051376|10|FVI.B|17|10|1410|2|0||
2020051377|150|BNC|32|10|1680|2|0||
2020051378|19850|BNC|32|4|1650|2|0||
2020051379|15|SVS|66|12|25500|2|0||
2020051380|150|BNC|17|4|1650|2|0||
2020051381|14850|BNC|17|4|1650|2|0||
2020051382|18327|BNC|17|4|1650|2|0||
2020051383|12|RST.B|52|10|96000|2|0||
2020051384|500|BVCC|48|48|44500|2|0||
2020051385|5|IVC|52|22|180001|2|0||
2020051386|3|IVC|52|12|180000|2|0||
2020051387|12|RST.B|52|6|96000|2|0||
2020051388|100|FVI.A|52|2|3200|2|0||
2020051389|10|PGR|66|22|2000.01|2|0||
2020051390|150|PGR|66|10|2000|2|0||
2020051391|115500|PGR|66|4|2000|2|0||
2020051392|19|BNC|10|12|1601|2|0||
2020051393|1|RST.B|52|64|96000|2|0||
2020051394|7|ABC.A|22|10|118000|2|0||
2020051395|4|ABC.A|22|10|118000|2|0||
2020051396|4|BVCC|52|1|44500|2|0||
2020051397|700|BOU|10|22|48|2|0||
2020051398|150|RST.B|2|2|96000|2|3||
2020051399|17|FVI.B|17|64|1410|2|0||
20200513100|20|RST.B|52|72|95950|2|0||
20200513101|240|CRM.A|10|10|13500|2|0||
20200513102|40|CRM.A|10|10|13500|2|0||
20200513103|1|CRM.A|10|10|13500|2|0||
20200513104|10|FVI.A|52|64|3400|2|0||
20200513105|97|BNC|48|64|1700|2|0||
20200513106|4|DOM|6|32|82100|2|0||
20200513107|307|PTN|10|64|6200|2|0||
20200513108|7|ENV|34|32|44000|2|0||
20200513109|500|MVZ.B|4|4|510000|2|3||
20200513110|500|BOU|22|32|55.84|2|0||
20200513111|43|BNC|2|1|1650|2|0||
20200513112|20000|BNC|2|4|1650|2|0||
20200513113|5|ICP.B|66|22|72000|2|0||
20200513114|50|RST|17|34|95000|2|0||
20200513115|2|BPV|2|22|490000|2|0||
20200513116|10|RST.B|52|32|93000|2|0||
20200513117|20|DOM|52|72|80200|2|0||
20200513118|1|MVZ.A|6|49|520000|2|0||
20200513119|217|BNC|48|32|1620|2|0||
20200513120|1481|BNC|48|12|1601|2|0||
20200513121|10205|BNC|48|72|1600|2|0||
20200513122|1|BPV|2|22|490000|2|0||
20200513123|274|FVI.B|10|22|1380|2|0||
20200513124|5|ICP.B|2|22|71000|2|0||
20200513125|12367|BVCC|10|10|45200|0|3||
20200513126|2|GZL|66|72|80000|2|0||
20200513127|12367|BVCC|10|10|53510.85|56|3||
20200513128|26|BVCC|52|12|44100|2|0||
20200513129|40|MVZ.A|2|4|505000|2|0||
20200513130|2436|BVCC|10|10|45200|0|3||
20200513131|2436|BVCC|10|10|50621.1|23|3||
20200513132|12|CRM.A|22|32|13499|2|0||
20200513133|100|MVZ.B|48|2|500000|2|0||
20200513134|5|CGQ|66|72|90000|2|0||
20200513135|18|MVZ.A|17|4|505000|2|0||
20200513136|6000|BNC|22|72|1600|2|0||
20200513137|324|BNC|49|49|1601|2|0||
20200513138|100|BVCC|64|2|44500|2|0||
20200513139|12|CRM.A|10|32|13300|2|0||
20200513140|42|MVZ.A|34|4|505000|2|0||
20200513141|15|ENV|49|49|43999.99|2|0||
20200513142|7|BVCC|34|49|44500|2|0||
20200513143|21|BVCC|34|49|44500|2|0||
20200513144|154|BVCC|17|17|44200|2|3||
20200513145|500|BVCC|22|48|44200|2|0||
20200513146|1|BPV|48|33|480000|2|0||
20200513147|19|BVCC|17|12|44100|2|0||
20200513148|1500|BVCC|17|72|44000|2|0||
20200513149|9|RST.B|49|49|92999.99|2|0||
20200513150|15|RST.B|49|49|92999.99|2|0||
20200513151|3|MVZ.A|34|12|505000|2|0||
20200513152|1|GZL|6|48|99900|2|0||
20200513153|3|RST|49|49|94999.99|2|0||
20200513154|6|RST|49|49|94999.99|2|0||
20200513155|7|RST|49|49|94999.99|2|0||
20200513156|7|RST|49|49|94999.99|2|0||
20200513157|2|IVC|10|12|180000|2|0||
20200513158|675|BOU|22|49|55.84|2|0||
20200513159|3615|BOU|22|49|55.84|2|0||
20200513160|173|BOU|22|49|55.84|2|0||
20200513161|3|FNC|10|72|55000|2|0||
20200513162|2388|BNC|1|49|1601|2|0||
20200513163|480|BNC|1|49|1601|2|0||
20200513164|218|BNC|1|49|1601|2|0||
20200513165|43|BNC|1|49|1601|2|0||
20200513166|8|BNC|1|49|1601|2|0||
20200513167|500|BVCC|48|48|44000|2|3||
20200513168|8|FVI.B|49|49|1369|2|0||
20200513169|843|FVI.B|49|6|1369|2|0||
20200513170|157|FVI.B|22|6|1370|2|0||
20200513171|11|RST|52|6|94999|2|0||
20200513172|30|BVCC|17|6|44000|2|0||
20200513173|8900|BOU|22|6|55.84|2|0||
20200513174|8|MVZ.B|1|32|500000|2|0||
20200513175|1488|BOU|22|49|55.84|2|0||
20200513176|497|BNC|2|4|1650|2|0||
20200513177|10|TDV.D|49|72|47000|2|0||
20200513178|159|BVCC|17|1|44000|2|0||
20200513179|5|SVS|66|33|25500|2|0||
20200513180|5000|BOU|10|6|50|2|0||
20200513181|4|BPV|2|12|450000|2|0||
20200513182|8|BPV|2|32|450000|2|0||
20200513183|3600|FVI.B|58|32|1300|2|0||
20200513184|1200|BNC|66|72|1600|2|0||
20200513185|22|BVCC|17|48|44000|2|0||
20200513186|38|BPV|2|10|450000|2|0||
20200513187|1|IVC|52|48|189999|2|0||
20200513188|55|TDV.D|22|2|49999|2|0||
20200513189|6|TDV.D|2|2|50000|2|0||
20200513190|66|TDV.D|22|2|50000|2|0||
20200513191|2099|BNC|22|72|1600|2|0||
20200513192|1|BPV|49|32|479999.99|2|0||
20200513193|400|FVI.B|10|32|1300|2|0||
