





202003063|300|BNC|22|66|645|2|0||
202003064|300|BNC|22|66|645|2|0||
202003065|750|PGR|32|6|1183|2|0||
202003066|30|TDV.D|48|6|8999|2|0||
202003067|20|FVI.B|32|6|558|2|0||
202003068|80|PGR|10|6|1215|2|0||
202003069|1211|RST|2|6|38000|2|0||
2020030610|1|RST|2|6|38000|2|0||
2020030611|455|FVI.B|32|32|558|2|3||
2020030612|21350|BOU|6|32|23.98|2|0||
2020030613|7|MVZ.B|58|32|153000|2|0||
2020030614|99|CRM.A|32|32|6000|2|0||
2020030615|263|FVI.B|32|32|558|2|3||
2020030616|13|MVZ.A|6|64|162250|2|0||
2020030617|50|MVZ.A|6|64|162250|2|0||
2020030618|20|MVZ.A|6|64|162250|2|0||
2020030619|5|MVZ.A|6|64|162250|2|0||
2020030620|100|BNC|10|12|644.5|2|0||
2020030621|9|PGR|10|32|1215|2|0||
2020030622|90|CRM.A|6|32|6000|2|0||
2020030623|1500|BOU|6|32|23.98|2|0||
2020030624|145|BNC|10|32|644.5|2|0||
2020030625|300|RST|10|58|38000|2|0||
2020030626|200|RST|10|58|38000|2|0||
2020030627|100|BVL|6|32|2300|2|0||
2020030628|1262|FVI.B|32|32|558|2|0||
2020030629|2358|FVI.B|6|32|558|2|0||
2020030630|755|BNC|10|32|644.5|2|0||
2020030631|5245|BNC|1|32|644.5|2|0||
2020030632|50|BNC|1|32|644.5|2|0||
2020030633|140|FVI.B|6|32|558|2|0||
2020030634|10|BVCC|32|32|17500|2|0||
2020030635|1500|BVCC|32|65|17500|2|0||
2020030636|192|BVCC|34|34|17620|0|3||
2020030637|10|ENV|34|34|17000|1|3||
2020030638|10|FVI.B|6|10|558|2|0||
2020030639|10|ENV|34|34|17000|1|3||
2020030640|88|BVL|64|64|2300|2|0||
2020030641|55|FVI.B|6|10|558|2|0||
2020030642|2|MVZ.B|58|33|153000|2|0||
2020030643|20|MVZ.A|6|6|162249|2|0||
2020030644|40|MVZ.A|6|6|162250|2|0||
2020030645|5|MVZ.A|6|34|162250|2|0||
2020030646|1|BPV|48|32|150000|2|0||
2020030647|5|MVZ.A|6|34|162250|2|0||
2020030648|500|BOU|22|32|23.97|2|0||
2020030649|13|FVI.B|6|32|558|2|0||
2020030650|257|PTN|58|49|2999|2|0||
2020030651|210|PTN|58|49|2999|2|0||
2020030652|7150|RSB.O|58|1|28025.95|0|3||
2020030653|7164|RSB.O|58|64|28025.95|0|3||
2020030654|1|MVZ.B|22|32|152500|2|0||
2020030655|8|BPV|48|58|150000|2|0||
2020030656|32|FVI.B|6|32|558|2|0||
2020030657|27657|RSB.O|58|10|28025.95|0|3||
2020030658|34000|RSB.O|58|17|28025.95|0|3||
2020030659|34144|RSB.O|58|49|28025.95|0|3||
2020030660|34716|RSB.O|58|32|28025.95|0|3||
2020030661|320500|RSB.O|58|48|28025.95|0|3||
2020030662|1|MVZ.B|22|32|152500|2|0||
2020030663|8|BVL|49|32|2295|2|0||
2020030664|836|BOU|22|32|23.97|2|0||
2020030665|24685|RSB.O|58|40|28025.95|0|3||
2020030666|7032|RSB.O|58|52|28025.95|0|3||
2020030667|50|RST|48|6|38015|2|0||
2020030668|5662|RSB.O|58|34|28025.95|0|3||
2020030669|4|BPV|48|64|149000|2|0||
2020030670|20|BPV|48|32|149000|2|0||
2020030671|3000|BNC|1|32|644.5|2|0||
2020030672|17|BVCC|49|32|17400|2|0||
2020030673|234639|RSB.O|58|58|28025.95|0|3||
2020030674|1088|RSB.O|58|2|28025.95|0|3||
2020030675|9|BVCC|34|32|17100|2|0||
2020030676|7|BVCC|34|32|17100|2|0||
2020030677|863|BVCC|34|2|17100|2|0||
2020030678|30|MVZ.B|58|22|150001|2|0||
2020030679|10|MVZ.B|58|32|150000|2|0||
2020030680|15|MVZ.B|58|49|150000|2|0||
2020030681|19|MVZ.B|58|32|150000|2|0||
2020030682|38|FVI.B|6|32|558|2|0||
2020030683|2820|BOU|6|22|23.96|2|0||
2020030684|15|BPV|48|22|149000|2|0||
2020030685|53|BNC|6|10|644|2|0||
2020030686|8|MVZ.B|58|2|153000|2|0||
2020030687|1|MVZ.B|6|32|150000|2|0||
2020030688|4000|MVZ.B|6|4|150000|2|0||
2020030689|1500|BNC|58|10|640|2|0||
2020030690|4|BVCC|49|49|17400|2|0||
2020030691|5920|BNC|58|49|638|2|0||
2020030692|580|BNC|58|49|638|2|0||
2020030693|60|BNC|6|32|644|2|0||
2020030694|1|BPV|48|12|149000|2|0||
2020030695|75|BNC|6|32|644|2|0||
2020030696|73|DOM|6|6|33000|2|0||
2020030697|100|DOM|6|6|33000|2|0||
2020030698|200|RST|2|6|38015|2|0||
2020030699|1|MVZ.B|22|32|152500|2|0||
20200306100|1|BPV|52|32|149000|2|0||
20200306101|9|BVCC|33|32|17390|2|0||
20200306102|659|BOU|6|32|23.96|2|0||
20200306103|200|DOM|22|6|33000|2|0||
20200306104|1|CCR|6|6|450000|2|3||
20200306105|300|BVCC|33|1|17390|2|0||
20200306106|1|MVZ.B|22|33|152500|2|0||
20200306107|1|BPV|52|33|149000|2|0||
20200306108|2696|BNC|6|64|641|2|0||
20200306109|50|TDV.D|48|6|8999|2|0||
20200306110|250|RST|10|6|38015|2|0||
20200306111|1|RST|10|33|39000|2|0||
20200306112|7|MVZ.A|4|33|175000|2|0||
20200306113|40|BNC|6|33|641|2|0||
20200306114|500|MVZ.A|6|6|163000|2|3||
20200306115|1000|BOU|6|22|23.96|2|0||
20200306116|2|BVCC|33|22|17390|2|0||
20200306117|2600|DOM|32|6|33000|2|0||
20200306118|24|BNC|4|33|644|2|0||
20200306119|2312|FVI.B|6|64|558|2|0||
20200306120|4704|FVI.B|2|64|558|2|0||
20200306121|10350|BNC|58|12|642|2|0||
20200306122|29650|BNC|58|49|638|2|0||
20200306123|7000|BNC|58|49|638|2|0||
20200306124|8|MVZ.B|4|64|152000|2|0||
20200306125|10|BPV|58|32|148000|2|0||
20200306126|1|MVZ.A|4|33|175000|2|0||
20200306127|10650|BOU|6|64|23.96|2|0||
20200306128|2300|MVZ.B|4|4|150000|2|3||
20200306129|8|MVZ.B|22|10|152500|2|0||
20200306130|47|MVZ.B|58|10|153000|2|0||
20200306131|3|RST|10|49|39000|2|0||
20200306132|10|BPV|48|22|150000|2|0||
20200306133|8|MVZ.B|22|22|162250|2|0||
20200306134|2|RST.B|17|48|29000|2|0||
20200306135|10|RST.B|17|33|29000|2|0||
20200306136|78|RST.B|17|10|29000|2|0||
20200306137|71|BNC|4|6|644|2|0||
20200306138|10|BPV|48|32|150000|2|0||
20200306139|25|BPV|48|22|150000|2|0||
20200306140|56|BVCC|33|32|17390|2|0||
20200306141|8|MVZ.A|4|22|180000|2|0||
20200306142|43|PGR|10|6|1215|2|0||
20200306143|75|PGR|10|6|1215|2|0||
20200306144|196|RST|10|58|39000|2|0||
