





202005081|11|BOU|4|10|47.99|2|0||
202005082|10|CRM.A|6|10|13499.99|2|0||
202005083|18|BNC|6|10|1700|2|0||
202005084|10|TDV.D|48|6|49900|2|0||
202005085|1|ABC.A|2|6|114000|2|0||
202005086|2|BVCC|22|6|47500|2|0||
202005087|100|TPG|6|6|699|2|0||
202005088|2000|BOU|4|6|47.99|2|0||
202005089|6000|BOU|4|22|47.99|2|0||
2020050810|250|BNC|6|6|1700|2|0||
2020050811|1067|BVL|6|17|7900|2|0||
2020050812|10|BVL|6|64|7900|2|0||
2020050813|30|CIE|58|64|3200|2|0||
2020050814|49|PGR|6|64|2235|2|0||
2020050815|3|PGR|52|64|2235|2|0||
2020050816|2500|BNC|6|4|1700|2|0||
2020050817|1372|BNC|32|17|1550|2|0||
2020050818|10000|BNC|32|2|1550|2|0||
2020050819|10|PTN|52|2|5999.98|2|0||
2020050820|2814|BNC|32|4|1550|2|0||
2020050821|2814|BNC|32|4|1550|2|0||
2020050822|424|FVI.B|32|64|1350|2|0||
2020050823|19756|FVI.B|32|10|1350|2|0||
2020050824|19820|FVI.B|32|10|1350|2|0||
2020050825|1000|FVI.B|32|10|1350|2|0||
2020050826|6000|FVI.B|32|32|1350|2|0||
2020050827|3000|FVI.B|32|10|1350|2|0||
2020050828|36|BVCC|32|32|47400|2|0||
2020050829|26093|BVCC|10|10|47400|0|3||
2020050830|10755|BVCC|14|14|46510|1|3||
2020050831|50|SVS|6|52|22500|2|0||
2020050832|50|SVS|6|52|22500|2|0||
2020050833|1000600|GZL|58|58|125000|0|3||
2020050834|50|CIE|6|6|3100|2|0||
2020050835|10000|BOU|4|32|47.99|2|0||
2020050836|20|ABC.A|22|6|113500|2|0||
2020050837|542|FVI.A|6|6|3599.99|2|0||
2020050838|35|ENV|4|32|45000|2|0||
2020050839|240|TPG|6|6|699|2|0||
2020050840|2560|TPG|4|6|699.99|2|0||
2020050841|90|PTN|52|6|5999.98|2|0||
2020050842|17|RST|4|6|90000|2|0||
2020050843|100|MPA|10|6|15200|2|0||
2020050844|100|RST|4|2|90000|2|0||
2020050845|1981|FVI.B|22|2|1379.95|2|0||
2020050846|25|ABC.A|22|6|113500|2|0||
2020050847|1402|BOU|4|6|47.99|2|0||
2020050848|20|MPA|32|64|14500|2|0||
2020050849|26093|BVCC|10|10|54583|38|3||
2020050850|40|FVI.A|32|64|3000|2|0||
2020050851|1805|SVS|66|4|24000|2|0||
2020050852|10000|FVI.B|6|2|1379.95|2|0||
2020050853|5|FVI.B|6|10|1379.99|2|0||
2020050854|10|BVCC|32|32|47400|2|0||
2020050855|2|FVI.B|6|10|1379.99|2|0||
2020050856|5|ABC.A|22|22|113500|2|0||
2020050857|4|BNC|1|10|1600|2|0||
2020050858|348|FVI.B|6|32|1379.99|2|0||
2020050859|1|BVCC|32|10|47400|2|0||
2020050860|2|CRM.A|6|10|13499.99|2|0||
2020050861|6|BOU|4|10|47.99|2|0||
2020050862|5000|FVI.B|6|2|1379.95|2|0||
2020050863|3019|FVI.B|52|2|1379.95|2|0||
2020050864|2300|PGR|6|22|2279.99|2|0||
2020050865|50000|PGR|66|4|2200|2|0||
2020050866|135|RST|4|58|90000|2|0||
2020050867|50|RST|32|58|90000|2|0||
2020050868|53|BVCC|32|17|47400|2|0||
2020050869|347|BVCC|48|17|47400|2|0||
2020050870|532|RST|4|58|90000|2|0||
2020050871|700|BOU|4|64|47.99|2|0||
2020050872|20|BPV|48|17|494000|2|0||
2020050873|10|BPV|22|17|494000|2|0||
2020050874|50|RST.B|2|32|100000|2|0||
2020050875|4996|BNC|1|17|1600|2|0||
2020050876|230|FVI.B|52|64|1379|2|0||
2020050877|3|RST.B|1|64|90000|2|0||
2020050878|1100|CRM.A|6|17|13499.99|2|0||
2020050879|25|ENV|33|17|44000|2|0||
2020050880|180|BVCC|52|4|47000|2|0||
2020050881|450|TPG|52|64|699|2|0||
2020050882|2984|BOU|4|32|47.99|2|0||
2020050883|200|BVCC|48|1|47400|2|0||
2020050884|800|TPG|52|6|699|2|0||
2020050885|10|ABC.A|22|22|113500|2|0||
2020050886|102|BPV|4|4|495000|2|0||
2020050887|184|SVS|4|4|25000|2|0||
2020050888|960|SVS|10|4|25000|2|0||
2020050889|4186|BVCC|10|10|47400|0|3||
2020050890|150|BVCC|48|17|47400|2|0||
2020050891|4186|BVCC|10|10|53078.2|24|3||
2020050892|7|BVCC|48|32|47400|2|0||
2020050893|59|FVI.B|52|32|1379|2|0||
2020050894|551|CRM.A|6|17|13499.99|2|0||
2020050895|84|PGR|52|32|2279|2|0||
2020050896|14|CRM.A|6|32|13499.99|2|0||
2020050897|5|ENV|48|49|44500|2|0||
2020050898|5000|BNC|1|72|1650|2|0||
2020050899|2500|BNC|6|72|1650|2|0||
20200508100|1|ENV|48|64|44500|2|0||
20200508101|38|RST.B|2|32|85000|2|0||
20200508102|15|TDV.D|32|17|45000|2|0||
20200508103|2500|BOU|4|64|47.99|2|0||
20200508104|30|CRM.A|6|64|13499.99|2|0||
20200508105|2692|FVI.B|52|10|1379|2|0||
20200508106|500|FVI.B|2|10|1379|2|0||
20200508107|218|RST|10|58|90000|2|0||
20200508108|150|BVCC|48|1|47400|2|0||
20200508109|19|BVCC|48|32|47400|2|0||
20200508110|105|BVL|6|32|7898|2|0||
20200508111|2|BPV|48|49|495000|2|0||
20200508112|9|BPV|48|17|494000|2|0||
20200508113|15|BPV|48|17|494000|2|0||
20200508114|24|BPV|48|2|494000|2|0||
20200508115|10|BVCC|48|32|47400|2|0||
20200508116|101|BVCC|48|58|47400|2|0||
20200508117|1000|FVI.B|6|32|1379.99|2|0||
20200508118|14|MVZ.B|17|17|520000|2|3||
20200508119|38|FVI.B|64|32|1379|2|0||
20200508120|4962|FVI.B|64|4|1379|2|0||
20200508121|6996|FVI.B|64|58|1379|2|0||
20200508122|1304|FVI.B|64|4|1379|2|0||
20200508123|7645|FVI.B|6|4|1379.99|2|0||
20200508124|2000|FVI.B|2|4|1379.99|2|0||
20200508125|15355|FVI.B|4|4|1380|2|0||
20200508126|5925|BNC|1|72|1650|2|0||
20200508127|97|RST.B|1|17|90000|2|0||
20200508128|16|BVCC|48|1|47400|2|0||
20200508129|180|BVCC|52|1|47400|2|0||
20200508130|180|BVCC|14|4|47000|2|0||
20200508131|10000|FVI.B|4|2|1380|2|0||
20200508132|10|ENV|66|72|44200|2|0||
20200508133|35|ENV|66|17|44000|2|0||
20200508134|53|BVCC|52|4|47400|2|0||
20200508135|1609|CIE|58|33|3000|2|0||
20200508136|693|BNC|72|17|1700|2|0||
20200508137|1000|BVL|6|6|7898|2|0||
20200508138|100|GZL|12|12|90000|2|0||
20200508139|4307|BNC|72|58|1700|2|0||
20200508140|250|BNC|4|58|1700|2|0||
20200508141|2500|BNC|6|58|1700|2|0||
20200508142|3869|BNC|4|58|1700|2|0||
20200508143|100|BVCC|14|1|47500|2|0||
20200508144|5526|FVI.B|4|17|1380|2|0||
20200508145|7|GZL|12|12|90000|2|0||
20200508146|194|FVI.B|4|48|1380|2|0||
20200508147|3|RST|10|48|94500|2|0||
20200508148|50|BNC|4|22|1700|2|0||
20200508149|778|BNC|4|48|1700|2|0||
20200508150|20|CRM.A|10|52|13150|2|0||
20200508151|100|CRM.A|10|52|13150|2|0||
20200508152|50|FVI.B|10|22|1379|2|0||
20200508153|4|ABC.A|22|12|113500|2|0||
20200508154|1|MVZ.A|6|10|557999|2|0||
20200508155|1|MVZ.B|6|10|549999|2|0||
20200508156|4|MVZ.A|6|33|557999|2|0||
20200508157|12|EFE|22|12|7900|2|0||
20200508158|36|ABC.A|22|2|113500|2|0||
20200508159|174|ABC.A|2|2|114000|2|0||
20200508160|150|BVCC|14|10|47500|2|0||
20200508161|250|BVCC|14|10|48000|2|0||
20200508162|54|CRM.A|10|52|13150|2|0||
20200508163|303|BNC|4|33|1700|2|0||
20200508164|20|BNC|72|33|1700|2|0||
20200508165|100|BVCC|52|10|48000|2|0||
20200508166|24|BPV|22|17|495000|2|0||
20200508167|6|GZL|12|12|90000|2|0||
20200508168|78|TDV.D|48|17|45000|2|0||
20200508169|11|TDV.D|48|32|45000|2|0||
20200508170|9254|BVCC|32|32|46900|3|3||
20200508171|9254|BVCC|32|32|46900|3|3||
20200508172|3300|ENV|32|32|43000|3|3||
20200508173|11|FVI.A|32|12|3000|2|0||
20200508174|3300|ENV|32|32|43000|3|3||
20200508175|1|RST.B|70|49|95000|2|0||
20200508176|114393|FVI.B|32|32|1300|3|3||
20200508177|114393|FVI.B|32|32|1300|3|3||
20200508178|60147|BNC|32|32|1450|3|3||
20200508179|60147|BNC|32|32|1450|3|3||
20200508180|45|FVI.A|32|49|3000|2|0||
20200508181|58|BPV|32|32|494000|3|3||
20200508182|58|BPV|32|32|494000|3|3||
20200508183|500|RST|32|32|88000|3|3||
20200508184|500|RST|32|32|88000|3|3||
20200508185|2|ENV|48|49|44500|2|0||
20200508186|1154|FVI.A|32|12|3000|2|0||
20200508187|3|RST.B|49|17|90000|2|0||
20200508188|250|BVCC|14|10|48000|2|0||
20200508189|83|PGR|49|22|2278|2|0||
20200508190|168|FVI.B|10|64|1379|2|0||
20200508191|4482|FVI.B|4|64|1380|2|0||
20200508192|1943|FVI.B|4|64|1380|2|0||
20200508193|2255|PGR|6|22|2278.99|2|0||
20200508194|8|ICP.B|64|10|85000|2|0||
20200508195|32|PTN|10|49|6000|2|0||
20200508196|76|CRM.A|10|33|13500|2|0||
20200508197|70|ICP.B|6|6|73000|2|0||
20200508198|7|ICP.B|6|2|72500.01|2|0||
20200508199|23|ICP.B|6|22|72500.01|2|0||
20200508200|70|BVCC|52|6|49000|2|0||
20200508201|2500|FVI.B|4|6|1390|2|0||
20200508202|60|FVI.B|4|49|1390|2|0||
20200508203|4980|BNC|72|64|1700|2|0||
20200508204|2120|BNC|4|64|1700|2|0||
20200508205|2880|BNC|4|64|1700|2|0||
20200508206|670|BNC|72|64|1700|2|0||
20200508207|5|RST.B|49|6|90000|2|0||
20200508208|3|RST.B|70|6|90000|2|0||
20200508209|4|RST.B|70|6|90000|2|0||
20200508210|13889|FVI.B|4|17|1390|2|0||
20200508211|26|PTN|10|4|6000|2|0||
20200508212|13751|FVI.B|4|10|1390|2|0||
20200508213|10|BPV|4|32|500000|2|0||
20200508214|4000|PGR|66|4|2200|2|0||
20200508215|10|MVZ.B|48|12|535000|2|0||
20200508216|13|ENV|4|64|45000|2|0||
20200508217|1000|BOU|4|64|47.99|2|0||
20200508218|10|MVZ.A|22|2|557000|2|0||
20200508219|10|BPV|4|22|500000|2|0||
20200508220|1000|BNC|22|4|1700|2|0||
20200508221|9330|BNC|72|4|1700|2|0||
20200508222|9670|BNC|4|4|1700|2|0||
20200508223|42|BNC|4|49|1700|2|0||
20200508224|6588|BNC|4|4|1700|2|0||
20200508225|13412|BNC|72|4|1700|2|0||
20200508226|111|BNC|72|49|1700|2|0||
20200508227|65|BNC|72|49|1700|2|0||
20200508228|25433|BOU|4|4|47.99|2|0||
20200508229|124567|BOU|4|4|48|2|0||
20200508230|3|BVCC|52|32|49000|2|0||
20200508231|1250|BNC|72|4|1700|2|0||
20200508232|3|ENV|4|32|45000|2|0||
20200508233|64|BVCC|52|64|49000|2|0||
20200508234|250|BVCC|14|64|49000|2|0||
20200508235|486|BVCC|22|64|49000|2|0||
20200508236|30000|PGR|58|4|2200|2|0||
20200508237|890|BVCC|22|17|49000|2|0||
20200508238|25000|FVI.B|4|4|1400|2|0||
20200508239|1|RST|10|64|94500|2|0||
20200508240|99|CIE|6|70|3100|2|0||
20200508241|99|CIE|6|70|3100|2|0||
20200508242|50|CIE|58|22|3000|2|0||
20200508243|246|RST|10|2|94500|2|0||
20200508244|500|RST|40|2|94500|2|0||
20200508245|500|TPG|52|64|699|2|0||
20200508246|30|MVZ.B|48|32|535000|2|0||
20200508247|4800|FVI.B|4|10|1400|2|0||
20200508248|1317|FVI.A|32|6|3000|2|0||
20200508249|3|BOU|4|12|48|2|0||
20200508250|13|FVI.A|32|6|3000|2|0||
20200508251|101|TDV.D|48|72|49900|2|0||
20200508252|399|TDV.D|22|72|49900|2|0||
20200508253|250|TDV.D|22|72|49900|2|0||
20200508254|351|TDV.D|22|72|49900|2|0||
20200508255|1187|FVI.A|70|6|3000|2|0||
20200508256|2945|PGR|2|2|2230|2|3||
20200508257|5750|TPG|2|2|699|2|3||
20200508258|23|BVCC|52|72|48900|2|0||
20200508259|10|CRM.A|10|22|13500|2|0||
20200508260|151418|BOU|4|2|48|2|0||
20200508261|15|GZL|12|12|90000|2|0||
20200508262|124|BVCC|22|72|49000|2|0||
20200508263|20|BVCC|52|10|48950|2|0||
20200508264|230|BVCC|22|10|49000|2|0||
20200508265|262|ENV|4|17|45000|2|0||
20200508266|323|ENV|4|17|45000|2|0||
20200508267|98|BPV|4|4|500000|2|0||
20200508268|800|BVCC|22|72|49000|2|0||
20200508269|1000|FVI.B|48|10|1400|2|0||
20200508270|5000|BNC|6|4|1700|2|0||
20200508271|10162|BNC|72|4|1700|2|0||
20200508272|19838|BNC|4|4|1700|2|0||
20200508273|20000|BOU|4|22|48|2|0||
20200508274|130000|BOU|4|10|48|2|0||
20200508275|95|BVL|52|12|7498|2|0||
20200508276|5|BVL|52|12|7498|2|0||
20200508277|145|CIE|58|22|3000|2|0||
20200508278|100|CIE|58|12|3000|2|0||
20200508279|20|ENV|4|6|45000|2|0||
20200508280|25|ENV|4|32|45000|2|0||
20200508281|382|FVI.B|6|64|1410|2|0||
20200508282|150|FVI.B|6|6|1410|2|0||
20200508283|6468|FVI.B|6|10|1410|2|0||
20200508284|22732|FVI.B|4|10|1410|2|0||
20200508285|100|PGR|6|52|2230|2|0||
202005083001|500000000|AP921P|10|10|86|0|0|20069444.92|
202005083002|500000000|AP921P|10|10|86|0|0|20069444.92|
