





202004301|5|BVCC|22|10|45500|2|0||
202004302|4|ICP.B|10|10|115000|2|0||
202004303|3500|BNC|12|12|1060|0|3||
202004304|88|BOU|10|22|37|2|0||
202004305|250|MVZ.B|48|4|500000|2|0||
202004306|39400|BOU|4|6|38|2|0||
202004307|5|SVS|4|48|25000|2|0||
202004308|1|BVCC|64|64|43000|0|3||
202004309|5|BPV|32|32|475000|0|3||
2020043010|170|MVZ.A|6|6|510000|1|3||
2020043011|1500|FVI.A|22|6|3500|2|0||
2020043012|89|BVCC|22|32|45500|2|0||
2020043013|100|MVZ.B|17|32|510000|2|0||
2020043014|580|FVI.A|6|32|3500|2|0||
2020043015|55|BPV|32|22|420000|0|3||
2020043016|12068|BVCC|10|10|45500|0|3||
2020043017|12068|BVCC|10|10|54121.95|56|3||
2020043018|300|BVCC|22|32|45500|2|0||
2020043019|58|BPV|48|32|430000|2|0||
2020043020|5519|BVCC|10|10|45500|0|3||
2020043021|5519|BVCC|10|10|50664|30|3||
2020043022|8278|BVCC|10|10|45500|0|3||
2020043023|600|BVL|52|17|7998|2|0||
2020043024|8278|BVCC|10|10|50664|30|3||
2020043025|206|TDV.D|22|17|42000|2|0||
2020043026|21805|BVCC|10|10|45500|0|3||
2020043027|6000|BNC|6|22|1299.99|2|0||
2020043028|21805|BVCC|10|10|52939.4|47|3||
2020043029|4|BVCC|22|48|45500|2|0||
2020043030|21805|BVCC|10|10|45500|0|3||
2020043031|21805|BVCC|10|10|53782.6|55|3||
2020043032|24|TDV.D|22|17|42000|2|0||
2020043033|5|TDV.D|22|48|42000|2|0||
2020043034|10|GZL|48|64|105000|2|0||
2020043035|15229|BVCC|10|10|45500|0|3||
2020043036|212|BNC|52|64|1299|2|0||
2020043037|358|BNC|6|64|1299.99|2|0||
2020043038|15229|BVCC|10|10|54380|58|3||
2020043039|446|MVZ.A|10|10|555100|0|3||
2020043040|4912|BOU|22|22|37|2|0||
2020043041|40|FVI.B|6|70|975|2|0||
2020043042|3|ICP.B|10|6|115000|2|0||
2020043043|7|ICP.B|22|6|115000|2|0||
2020043044|446|MVZ.A|10|10|662000|58|3||
2020043045|35|BVCC|64|64|45499|2|0||
2020043046|26|BVCC|22|64|45500|2|0||
2020043047|93|MVZ.B|10|10|555100|0|3||
2020043048|93|MVZ.B|10|10|649000|58|3||
2020043049|100|FVI.B|6|10|975|2|0||
2020043050|9860|FVI.B|6|10|975|2|0||
2020043051|3|SVS|66|10|24000|2|0||
2020043052|2|RST|22|10|85000|2|0||
2020043053|1|MVZ.A|14|10|525000|2|0||
2020043054|6324|BOU|4|10|38|2|0||
2020043055|4|MVZ.B|64|32|510000|2|0||
2020043056|15000|PGR|66|4|2000|2|0||
2020043057|1|MVZ.A|64|2|510000|2|0||
2020043058|2|BPV|48|22|430000|2|0||
2020043059|29|BPV|58|22|430000|2|0||
2020043060|24|MVZ.B|22|32|510000|2|0||
2020043061|140|FVI.B|10|72|1050|2|0||
2020043062|2|MVZ.A|64|32|510000|2|0||
2020043063|9|IVC|22|49|210000|2|0||
2020043064|3|RST.B|52|64|69995|2|0||
2020043065|35|FVI.A|22|64|3600|2|0||
2020043066|1|RST|10|64|84000|2|0||
2020043067|11|BNC|6|64|1299.99|2|0||
2020043068|5000|FVI.B|6|48|975|2|0||
2020043069|5000|FVI.B|6|10|975|2|0||
2020043070|87|CRM.A|6|10|12985|2|0||
2020043071|18|CRM.A|6|10|12985|2|0||
2020043072|19|CRM.A|6|49|12999|2|0||
2020043073|15|BVCC|22|4|45500|2|0||
2020043074|20|RST.B|48|72|69500|2|0||
2020043075|2|ENV|34|32|38000|2|0||
2020043076|37|RST.B|52|10|69995|2|0||
2020043077|2|BVCC|22|32|45500|2|0||
2020043078|120|BNC|6|64|1299.99|2|0||
2020043079|7|SVS|66|70|24000|2|0||
2020043080|90|ENV|34|49|38000|2|0||
2020043081|25|ENV|34|49|38000|2|0||
2020043082|1|MPA|6|49|15199.99|2|0||
2020043083|1018|BOU|4|10|40|2|0||
2020043084|800|BOU|4|10|40|2|0||
2020043085|200|BNC|6|32|1299.99|2|0||
2020043086|1|BPV|58|22|430000|2|0||
2020043087|6|BPV|22|22|430000|2|0||
2020043088|43|BPV|22|22|430000|2|0||
2020043089|1500|FVI.B|10|52|1050|2|0||
2020043090|500|FVI.B|10|52|1050|2|0||
2020043091|29|BVL|52|72|7995|2|0||
2020043092|3|BVCC|22|64|45500|2|0||
2020043093|49|MVZ.A|14|4|520000|2|0||
2020043094|10|BVCC|22|32|45500|2|0||
2020043095|1|MVZ.B|22|22|515000.01|2|0||
2020043096|25|BVL|52|32|7995|2|0||
2020043097|26|PGR|52|70|2230|2|0||
2020043098|20|MVZ.B|22|10|515000|2|0||
2020043099|600|MPA|4|4|15100|2|0||
20200430100|2227|BNC|72|17|1250|2|0||
20200430101|4700|FVI.B|6|6|1050|2|3||
20200430102|2|RST|22|33|75000|2|0||
20200430103|1250|BNC|72|2|1250|2|0||
20200430104|1|GZL|48|72|105000|2|0||
20200430105|300|RST|22|10|72000|2|0||
20200430106|1|BNC|72|64|1250|2|0||
20200430107|6522|BNC|72|22|1250|2|0||
20200430108|1000|RST|10|10|79800|0|3||
20200430109|2350|BOU|4|32|40|2|0||
20200430110|9700|BNC|72|22|1250|2|0||
20200430111|150|BNC|72|32|1250|2|0||
20200430112|3|PTN|52|72|5759.97|2|0||
20200430113|140|CRM.A|6|6|12999|2|0||
20200430114|32|BNC|72|49|1250|2|0||
20200430115|45|BNC|72|49|1250|2|0||
20200430116|15|GZL|48|12|105000|0|3||
20200430117|57|RST|22|22|75000|2|0||
20200430118|100|FVI.B|10|64|1050|2|0||
20200430119|1000|BOU|4|64|40|2|0||
20200430120|13|RST.B|1|32|70000|2|0||
20200430121|106|FVI.A|22|49|3600|2|0||
20200430122|57|RST.B|1|10|70000|2|0||
20200430123|20|CRM.A|6|6|12999|2|0||
20200430124|73|BNC|72|33|1250|2|0||
20200430125|2290|BNC|6|33|1299.99|2|0||
20200430126|15|IVC|33|12|220000|0|3||
20200430127|12|ENV|4|49|37000|2|0||
20200430128|10|MVZ.B|6|10|515000|2|0||
20200430129|3|EFE|6|72|7499.99|2|0||
20200430130|6|MVZ.A|6|22|520000|2|0||
20200430131|20|BPV|48|22|420000|2|0||
20200430132|25|MVZ.B|22|10|515000|2|0||
20200430133|3|MPA|6|72|15199.99|2|0||
20200430134|2|MVZ.A|6|4|520000|2|0||
20200430135|3|PGR|6|72|2229.99|2|0||
20200430136|23|EFE|6|48|7499.99|2|0||
20200430137|95|FVI.B|58|70|1000|2|0||
20200430138|5|ABC.A|22|22|100000|2|0||
20200430139|5548|FVI.B|58|10|1000|2|0||
20200430140|100|BOU|4|70|40|2|0||
20200430141|3|RST|10|33|84000|2|0||
20200430142|378|BNC|6|22|1299.99|2|0||
20200430143|7648|FVI.B|58|10|1000|2|0||
20200430144|12001|BNC|6|32|1299.99|2|0||
20200430145|1747|BNC|1|32|1299.99|2|0||
20200430146|7|FVI.A|22|33|3800|2|0||
20200430147|3|CGQ|6|72|100799.99|2|0||
20200430148|46|BVCC|22|1|45500|2|0||
20200430149|1|BPV|22|6|430000|2|0||
20200430150|17|FVI.A|22|12|3800|2|0||
20200430151|20|SVS|66|64|24000|2|0||
20200430152|6709|FVI.B|58|10|1000|2|0||
20200430153|45|BVCC|22|1|45500|2|0||
20200430154|400|MPA|6|4|15100|2|0||
20200430155|100|BVCC|22|22|44001|2|0||
20200430156|200|BVCC|22|48|44000|2|0||
20200430157|1819|BVCC|22|48|44000|2|0||
20200430158|630|BVCC|10|10|45500|1|3||
20200430159|3|MVZ.B|48|6|520001|2|0||
20200430160|15|MVZ.B|48|4|520000|2|0||
20200430161|30|FVI.A|6|33|3849|2|0||
20200430162|5|TDV.D|22|70|44000|2|0||
20200430163|11|TDV.D|22|64|43000|2|0||
20200430164|359|FVI.B|10|49|1050|2|0||
20200430165|1000|MPA|6|4|15100|2|0||
20200430166|675|BVCC|34|34|44000|1|3||
20200430167|21|ENV|4|12|37000|2|0||
20200430168|3|ENV|4|72|37000|2|0||
20200430169|17401|FVI.B|10|10|1050|2|0||
20200430170|500|BNC|22|4|1299.95|2|0||
20200430171|50|RST|22|52|75000.01|2|0||
20200430172|20|EFE|6|4|7499.99|2|0||
20200430173|400|BOU|4|12|40|2|0||
20200430174|2|BVCC|52|22|45000|2|0||
20200430175|50|CRM.A|33|6|11751|2|0||
20200430176|100|EFE|6|52|7499.99|2|0||
20200430177|50|FVI.B|12|22|1003|2|0||
20200430178|19950|FVI.B|12|10|1003|2|0||
20200430179|160|FVI.B|64|10|1003|2|0||
20200430180|2000|FVI.B|52|10|1003|2|0||
20200430181|14|ICP.B|10|12|116001|2|0||
20200430182|7|MVZ.B|52|4|520000|2|0||
