





202003301|8|BVCC|14|10|18000|2|0||
202003302|85000|BOU|6|6|23.9|2|3||
202003303|242|BVCC|14|52|18000|2|0||
202003304|250|BVCC|14|10|18000|2|0||
202003305|80|DOM|52|32|30000|2|0||
202003306|25|BVCC|10|10|18000|2|0||
202003307|1|RST|64|12|34000|2|0||
202003308|10000|TPG|22|6|227|2|0||
202003309|1|RST|64|12|34000|2|0||
2020033010|231|ENV|52|32|14000|2|0||
2020033011|270|BNC|10|6|550|2|0||
2020033012|1|RST|64|48|35000|2|0||
2020033013|250|BVCC|14|64|18500|2|0||
2020033014|4730|BNC|10|22|550|2|0||
2020033015|1|RST|6|48|35000|2|0||
2020033016|393|RST|6|12|34000|2|0||
2020033017|250|BVCC|14|64|18500|2|0||
2020033018|606|RST|6|52|34000|2|0||
2020033019|250|BVCC|14|64|18500|2|0||
2020033020|9631|BOU|10|22|23.9|2|0||
2020033021|25|BOU|10|10|23.9|2|0||
2020033022|980|BNC|48|6|551|2|0||
2020033023|40490|FVI.B|64|64|440|3|3||
2020033024|4|BPV|10|6|140000|2|0||
2020033025|84|BPV|70|12|135001|2|0||
2020033026|16|BPV|70|12|135001|2|0||
2020033027|84|BPV|70|32|135000|2|0||
2020033028|200|RST.B|32|12|25000|2|0||
2020033029|40|BPV|70|64|134000|2|0||
2020033030|6|FVI.B|10|10|497|2|0||
2020033031|38|FVI.B|10|10|497|2|0||
2020033032|7|CRM.A|52|6|5500|2|0||
2020033033|10|BVCC|48|22|19250|2|0||
2020033034|10000|BOU|10|22|23.9|2|0||
2020033035|30344|BOU|10|12|23.9|2|0||
2020033036|2956|FVI.B|10|10|497|2|0||
2020033037|4000|FVI.B|52|10|497|2|0||
2020033038|49|BVCC|48|12|19250|2|0||
2020033039|10|RST.B|64|64|27000|2|0||
2020033040|100|BVL|6|64|2500|2|0||
2020033041|441|BVCC|48|64|19250|2|0||
2020033042|250|BVCC|14|64|19250|2|0||
2020033043|500|MVZ.B|6|4|130010|2|0||
2020033044|250|BVCC|14|52|19500|2|0||
2020033045|250|BVCC|14|52|19500|2|0||
2020033046|1|RST|10|32|37000|2|0||
2020033047|250|BVCC|14|64|19500|2|0||
2020033048|250|BVCC|14|64|19500|2|0||
2020033049|93|CRM.A|52|6|5500|2|0||
2020033050|478|BVCC|6|52|20000|2|0||
2020033051|500|BVCC|10|52|20000|2|0||
2020033052|250|BVCC|14|52|20000|2|0||
2020033053|100|ENV|52|10|14250|2|0||
2020033054|500|ENV|34|10|14500|2|0||
2020033055|1000|BOU|6|32|23.98|2|0||
2020033056|400|BNC|10|64|598|2|0||
2020033057|900|TPG|6|64|269.99|2|0||
2020033058|4600|BNC|10|12|598|2|0||
2020033059|200|ENV|48|10|14500|2|0||
2020033060|1570|BNC|10|12|600|2|0||
2020033061|2500|BNC|6|12|598|2|0||
2020033062|3100|TPG|6|58|269.99|2|0||
2020033063|1162|TPG|22|58|270|2|0||
2020033064|3373|BNC|10|32|600|2|0||
2020033065|2500|FVI.B|6|6|525|2|0||
2020033066|200|ENV|52|10|14600|2|0||
2020033067|211|BVCC|14|64|20000|2|0||
2020033068|89|BVCC|14|48|20000|2|0||
2020033069|5000|BOU|22|12|23.9|2|0||
2020033070|5600|BNC|58|12|598|2|0||
2020033071|300|BNC|58|58|598|2|0||
2020033072|500|BNC|58|58|598|2|0||
2020033073|1000|BNC|58|58|598|2|0||
2020033074|57|BNC|10|32|600|2|0||
2020033075|2000|MPA|4|10|4780|2|0||
2020033076|9|RST|10|64|37000|2|0||
2020033077|4|CCR|64|12|450000|2|0||
2020033078|80|BVCC|14|32|20500|2|0||
2020033079|114|FVI.B|32|6|528|2|0||
2020033080|100|CRM.A|52|52|5555|2|0||
2020033081|5586|FVI.B|52|64|526|2|0||
2020033082|150|MVZ.A|6|6|132001|1|3||
2020033083|170|BVCC|14|52|20500|2|0||
2020033084|38|BNC|58|32|600|2|0||
2020033085|2562|BNC|58|32|600|2|0||
2020033086|10|ENV|34|48|14600|2|0||
2020033087|106|TPG|22|32|270|2|0||
2020033088|147|FVI.B|22|64|526|2|0||
2020033089|40|RST.B|64|32|27000|2|0||
2020033090|29|RST|6|32|36500|2|0||
2020033091|740|ENV|34|52|14800|2|0||
2020033092|6|MPA|10|48|5500|2|0||
2020033093|250|BVCC|14|52|20500|2|0||
2020033094|250|BVCC|58|52|20500|2|0||
2020033095|1550|ENV|34|10|15000|2|0||
2020033096|110|FVI.B|52|32|527.5|2|0||
2020033097|50|ENV|34|52|15000|2|0||
2020033098|100|ENV|52|52|15000|2|0||
2020033099|5|MVZ.A|10|6|143000|2|0||
20200330100|10|BVCC|58|32|20500|2|0||
20200330101|100|CRM.A|52|22|5650|2|0||
20200330102|3|BPV|10|64|155000|2|0||
20200330103|7|RST|6|64|36500|2|0||
20200330104|2000|ENV|34|10|15000|2|0||
20200330105|2|RST.B|64|22|27000|2|0||
20200330106|65|TPG|22|22|270|2|0||
20200330107|7|ABC.A|6|64|45000|2|0||
20200330108|5000|BNC|64|12|615.01|2|0||
20200330109|25152|BNC|64|4|615.01|2|0||
20200330110|10000|BNC|58|4|615.01|2|0||
20200330111|200|DOM|64|12|30000|2|0||
20200330112|300|ENV|34|52|15000|2|0||
20200330113|1100|ENV|34|10|15000|2|0||
20200330114|1890|FVI.B|52|10|527.5|2|0||
20200330115|25|PGR|22|6|1449|2|0||
20200330116|100|RST|6|12|36500|2|0||
202003303001|234072903|CF911P|10|10|87.13|0|0|9362916.59|
202003303002|500000000|CF911P|10|10|87.13|0|0|20000001|
202003303003|500000000|CF911P|10|10|87.13|0|0|20000001|
202003303004|500000000|CF911P|10|10|87.13|0|0|20000001|
202003303005|500000000|CF911P|10|10|87.13|0|0|20000001|
